6173
90064
82904
61747
-86781
-52235
45798
-86339
18393
-85586
7539
4327
56087
-86119
-23563
-27461
77761
85350
-49261
-17457
-94797
-5986
-10554
36582
-73611
8896
75888
6366
-27065
58583
64543
-70728
18721
-23974
7716
83929
86653
14796
-93081
84830
44130
-29858
-81316
-67034
88860
34788
17267
91530
93481
-67179
37976
-7650
28821
12298
-67784
-60512
-55283
-13310
-97903
-95863
66475
-12597
5885
-16221
-61373
2945
-43597
80021
-40093
33367
97020
46478
-23130
96023
-84107
-35087
-33663
75267
43646
-76546
17149
74060
73543
44652
-87152
-85262
-3220
-47528
58096
48643
36925
-20542
-1288
26030
27772
-56897
16240
-61965
72151
89331
-95924
-10776
-85335
-7840
-73186
5572
80634
-34685
-7596
-98853
-9540
40776
56878
-94898
65446
85119
29568
91351
-15580
-17778
-99713
3860
96683
21588
27263
71952
-22140
26912
79329
82436
-70205
5586
-67057
94899
-10570
69412
65482
-97002
-89770
-78898
37475
-85740
92601
-23648
-32562
-34954
-45924
24490
94048
-29518
85328
-87162
-60167
-84627
-38289
-66418
51601
-98580
-92352
10241
-1048
80144
26101
36910
-34707
-41784
-84406
26499
-89414
66999
90253
-78838
-64629
40058
5360
3225
-38058
67574
-74735
47587
42030
89064
-22529
8452
-4862
-17575
9052
55287
-9950
5891
-14907
-72897
-89944
-27476
40404
-16276
-11778
-60702
43682
-89910
41151
84151
92845
-82335
-99920
-93456
-97944
96580
55025
71852
62265
23833
79557
-30680
27607
-61278
-94264
68091
-80053
89410
57385
52317
-99304
64713
-28081
64325
-4052
-20650
-65164
-63691
-38884
-51292
33346
-92673
-31108
-39552
-88739
-763
-67432
-27314
28501
70611
31599
-86547
-75868
-97495
-12830
-10225
-22468
-15024
-49996
80820
72778
31172
-41007
-14567
59195
23459
26732
40898
-75582
14664
14346
18872
78519
74856
-30958
31060
51746
90563
-39127
28483
-33008
-89000
-39915
45340
40689
75381
-96742
-9330
80842
-72391
-90183
-29735
2038
60561
-4594
-18596
-90328
-43255
-57008
-50409
-26157
-88443
48959
49904
18386
-31025
4140
24706
-36877
-657
77075
88615
-45843
-2469
69208
-79603
97245
-8380
-2563
41866
-36212
51293
40287
24419
94006
-44614
-17520
-13391
18089
-35759
-84798
-79855
-605
43062
52221
-8944
44496
-85471
15773
47987
95251
55121
-64824
-45700
-76346
-12536
-86059
-40690
7358
76930
-14949
21092
-90605
22515
-86807
31353
79602
-99724
-97243
90097
16640
93575
12083
55851
93906
-3018
-80741
-22763
82464
756
89134
-51882
-75314
-83607
35772
-71583
-84033
-41704
-13096
25930
-65470
59005
59868
-18740
46350
96387
-33347
-15670
-11700
5261
93618
63410
-7618
-16780
-59732
-49467
-35841
8312
-94202
27802
14619
-49389
3514
-64176
17590
-80580
-66612
96421
-44510
-9064
19728
-75458
-9096
23531
80427
-52386
-77645
-291
-61803
98627
-10258
-16853
-66636
13786
42835
97652
-73637
-75970
41535
-50164
-43086
2075
42552
-23478
87684
-56365
-85300
42900
-58310
12624
57340
88988
-97677
33797
1897
-19574
-83846
66649
-7695
94333
-55022
-86153
-53824
-46203
81237
88289
-43624
23545
-85700
-56811
70441
-56161
74253
55260
72503
-62917
-59462
-53975
-32062
-31675
-80917
-39106
49121
3514
-71665
6622
-67704
18045
-16101
80983
30579
-88217
-86553
55393
77759
56620
-53557
78886
8722
-47522
-98717
51207
-18294
21680
48416
-8817
67707
86616
-15929
96011
46428
-21925
-82184
9263
49265
-49658
-99442
4707
-8287
-74697
-86776
-19231
91464
33860
-86856
-5875
63045
-65782
18606
-41332
-71745
41404
-22228
-98930
65234
26979
-88556
-83401
-81121
28368
-61998
-13614
-96352
12721
-30669
64375
30858
-69244
-6485
79542
-25231
74790
8076
76091
-29396
-33868
-18669
-10086
-21644
-48045
33787
-80143
-64985
54909
11233
47437
-82920
-40100
-61873
32998
79866
-39470
-87347
-91466
17491
-12334
-10381
-48425
-71331
-33500
-30866
14695
58671
62071
54570
-2306
82064
-74215
-33757
32402
21039
-14454
-59628
-93235
-64339
23460
-76200
-58209
-2897
41158
41232
-92155
93956
-45778
8156
-231
55435
-5886
-42890
-77723
5732
73630
67070
94504
-70827
-41983
-14497
-86579
-60933
95231
35787
-21561
-61575
65789
90146
63029
-46840
1927
59434
72265
56018
-71994
29505
-52249
-64489
-60822
-12187
-71703
38306
80705
30626
-58860
-57852
14260
25545
62391
-56894
17804
-48361
46345
-46326
8659
5738
56223
20376
-42340
85655
92754
6855
90034
18061
73097
-24790
33693
63597
78756
13414
-34553
78388
35724
40811
80634
-45983
-39481
25728
-7395
-29694
45753
-1168
-19755
30421
-31268
-2412
16039
-53937
-48809
-2316
-89825
-86601
-93905
15753
23678
41961
29072
81417
-17433
65369
-21523
-27027
-82129
-1717
75262
-37104
-85908
-65851
-87089
-80754
-42504
-91582
57821
48471
69576
-2450
-76928
-70844
-76707
-26700
-81948
17008
91350
92524
25415
74544
98063
-9710
31845
14022
22585
58874
15427
15788
15263
77833
68959
19948
-77938
2914
-79450
-3405
14931
41129
-49642
22086
95215
61166
-86530
46208
82882
42662
-50435
98697
-29866
41250
-44130
84176
-70474
3137
-76608
38454
8456
75208
-32544
-54097
-94574
77802
-96816
47438
-97665
15181
-44299
-58879
36056
94936
-19810
79341
-53248
-79433
63994
-31136
-5774
-83428
-52617
-51461
-24640
-73100
61619
-22831
76148
59040
-61253
17939
37562
-16491
45667
67917
46160
-39519
67525
30370
45744
42186
-87350
3933
66814
5268
-24419
42645
81206
49922
12765
-43739
36747
5205
73797
-80066
-89932
1661
-49166
-81548
57050
-31455
-8091
36527
-87946
6111
35078
40920
46900
72408
94818
30913
-96712
45459
42302
-61387
15460
81579
39244
-4702
69191
23278
-20361
12074
-98253
-76878
-50657
61863
80464
40452
-98639
6989
83409
-2138
12660
-95658
-56430
-92736
-23853
-56987
43890
31321
-12636
-16115
-16261
49253
71026
-83737
23935
54763
69787
-80305
99630
13951
53823
81577
-32282
26279
81479
36380
-19210
74289
36881
-54442
22755
-87809
70474
-45717
-97992
28294
-70526
62291
53896
-37121
13958
405
-86079
17859
-12868
-6801
-48505
76234
83922
57360
-36480
7782
-12381
40544
11911
97446
69236
91647
-46462
94198
51438
61265
-67515
-89875
84315
497
22913
58821
-7666
1572
-30333
-67249
56085
-48135
13674
822
95563
-72943
79475
-14441
69849
68510
3762
-17312
-84760
-13232
81734
23973
34723
79080
33936
-78348
-43298
-75987
60972
79503
-71082
-76869
13498
88459
-49975
59446
-92800
66530
-86902
32283
-29000
-28144
-15197
-50558
42296
26733
-32648
4639
64913
98568
69454
71025
-49033
-44658
-45641
-46197
-57786
-27404
86785
-53740
-29392
-24956
21457
-29694
-97566
2551
-25037
-87977
-30699
74906
-14733
-43964
80934
-72573
-2102
45035
-92923
-62577
-33055
-50663
73844
-97092
-15346
-22586
-31433
33518
-90094
-98868
23726
-50550
-88639
-35301
12906
-46505
-32445
81413
-69232
21185
11237