-42874
-11275
-91357
96461
-30723
-78789
979
-46189
18716
-7493
19140
-3169
32309
22089
-79582
66141
-85006
73267
74900
62507
-89730
-30617
82327
3340
-42348
56765
91086
-4318
72236
79035
66220
-79066
-23757
-41990
7647
-63650
30513
77292
48973
20399
59256
72429
-88202
20134
10857
1125
-16884
-38519
8766
-73864
12603
69543
-91435
54793
-80525
-30657
19159
-36186
73431
-79028
-61974
71076
15103
-22127
64650
-35398
22148
81873
-70698
81958
-78578
-86233
-30920
37397
38097
-53774
92973
41972
-61960
86122
-68731
-96104
-4614
25182
-27112
-6084
22104
77768
-47883
-70300
-37111
20634
-41940
-38141
3412
93761
45233
40967
53679
-72612
5159
22707
-28026
15032
-50602
87739
17081
-54425
51417
-91305
87531
-86853
-68498
51279
-57461
-80230
23527
29861
35230
73216
85139
26547
-39719
-88502
34927
-85203
-7537
-20277
65615
-59292
-69050
33882
21924
-1357
80755
-10688
80833
-83947
-99087
-93091
51834
-18357
-64858
-23413
-88769
-23328
37485
73740
2262
90079
49588
36491
-40462
81618
99893
5894
82427
-6050
50587
83029
60672
65006
-84245
72518
-81848
23507
-5001
-13878
55066
34747
61324
-88556
-30179
84868
-81774
96960
-7719
50237
-87543
-76314
80863
18847
-95660
-50053
-44904
71306
-33253
-18298
-62691
54633
-76732
-5974
-45475
99574
-75584
-64192
-20057
-97167
-32451
37597
33251
-82972
-27509
-69802
-67505
-97431
-23989
-78803
13190
74842
94737
80873
-49018
66013
-9413
22809
-38522
52344
-99160
68793
3786
40791
73036
46387
90527
-89584
55901
89916
94548
-10959
89217
6100
94725
1813
-86729
45557
14844
-83992
-93511
58154
-98990
13885
80366
96143
6771
-2006
-81248
-36732
-74098
28855
74213
93168
-37450
30728
2600
20102
94185
64218
8212
-20233
-22005
68374
84830
-80345
32266
-20430
29329
-36241
85862
53192
-23408
-20371
-13662
-49597
52410
56701
90286
18108
-60931
-93361
9570
57645
-16035
42767
-72582
91542
-70479
42508
-53022
-87949
-26827
93867
10560
-90371
8312
19443
3466
48283
92850
-22181
79833
-89632
16239
-98264
92347
-69241
47789
43009
59925
62297
-63011
-21356
61511
-77425
-39402
-45705
-99528
12452
8362
-22909
45103
-52400
79689
40841
23876
54019
90337
-73032
-14179
97220
8950
-42244
27447
6421
-28422
45677
4042
1086
39780
-53161
-80928
-97267
12478
87784
-5205
84299
51178
-52268
-16911
-18708
-57002
-82288
97916
-85149
-82863
-62487
86766
68478
-24622
-86242
-97925
19128
-6720
68531
-58297
81402
-81492
-50381
97393
-87669
-50999
6131
2457
1129
83082
-22591
48514
-21806
85403
73599
-61328
-45755
97924
99224
-26905
-43943
-75789
-34462
-40955
-6200
-13084
75118
34447
-868
-71717
93798
-38544
35146
-75889
-70109
77533
-55790
-40420
97157
90183
72296
83121
-28840
32934
-11926
45026
-21964
-54372
8146
-28407
-87113
34352
18036
64672
-94803
-66092
76955
-54430
-41124
5028
12708
-75366
-35393
50648
87442
65957
-17513
-75862
57528
-91186
-80989
-73796
-13619
-18042
88043
91870
29167
-29392
89944
-69291
22308
72776
-32032
94779
18322
32489
-83242
-5109
5547
72392
-69714
4969
-78201
-6556
19369
95822
84222
-46969
40130
3538
87985
5818
-32942
14615
69730
-56258
-62056
2009
55266
-26263
-63904
-97659
-78126
-13772
-77666
31224
-40040
-40698
-48571
7957
-56429
-82229
67448
82024
7105
38498
-58573
-88264
57308
85626
16191
73606
-48714
11306
5118