-99975
-99961
-99960
-99913
-99902
-99898
-99893
-99785
-99782
-99728
-99724
-99663
-99544
-99542
-99503
-99485
-99478
-99402
-99370
-99329
-99198
-99114
-99106
-99054
-98968
-98966
-98942
-98906
-98897
-98897
-98877
-98875
-98809
-98780
-98770
-98728
-98692
-98665
-98544
-98437
-98430
-98429
-98376
-98268
-98236
-98219
-98063
-98056
-98018
-98010
-97913
-97894
-97849
-97828
-97815
-97755
-97719
-97678
-97639
-97553
-97533
-97496
-97495
-97494
-97493
-97415
-97403
-97343
-97312
-97214
-97179
-97175
-97142
-97090
-97090
-97072
-96942
-96912
-96801
-96760
-96661
-96644
-96607
-96542
-96537
-96500
-96490
-96485
-96477
-96321
-96318
-96300
-96266
-96259
-96258
-96240
-96219
-96212
-96171
-96103
-96075
-96007
-95930
-95782
-95773
-95710
-95683
-95639
-95592
-95591
-95527
-95467
-95450
-95443
-95372
-95332
-95292
-95292
-95249
-95188
-95059
-95042
-94976
-94952
-94844
-94842
-94808
-94776
-94624
-94576
-94571
-94545
-94502
-94496
-94481
-94434
-94333
-94331
-94300
-94291
-94248
-94246
-94202
-94146
-94116
-94110
-94109
-94099
-94088
-93997
-93984
-93914
-93895
-93844
-93823
-93767
-93697
-93682
-93582
-93526
-93497
-93462
-93444
-93439
-93382
-93346
-93270
-93269
-93208
-93186
-93170
-93089
-93083
-93041
-93026
-93001
-92943
-92926
-92840
-92805
-92774
-92730
-92722
-92701
-92679
-92679
-92676
-92634
-92624
-92591
-92556
-92539
-92498
-92474
-92474
-92433
-92380
-92375
-92372
-92321
-92292
-92264
-92202
-92178
-92158
-92102
-92077
-91960
-91917
-91876
-91862
-91787
-91765
-91761
-91673
-91655
-91526
-91518
-91493
-91444
-91362
-91233
-91225
-91224
-91201
-91133
-90960
-90777
-90737
-90710
-90693
-90667
-90615
-90567
-90456
-90401
-90393
-90318
-90257
-90252
-90232
-90197
-90170
-90131
-90110
-90081
-90079
-90072
-89967
-89940
-89928
-89884
-89881
-89875
-89794
-89794
-89598
-89442
-89431
-89416
-89409
-89408
-89397
-89361
-89361
-89228
-89132
-89111
-89083
-89060
-88954
-88928
-88926
-88923
-88913
-88882
-88867
-88816
-88815
-88773
-88748
-88675
-88564
-88532
-88495
-88469
-88460
-88307
-88249
-88220
-88198
-88162
-88152
-88133
-88131
-88082
-88057
-88050
-88047
-87963
-87959
-87958
-87934
-87933
-87900
-87895
-87766
-87658
-87473
-87274
-87272
-87267
-87262
-87226
-87085
-87080
-87023
-87018
-87017
-86985
-86958
-86935
-86911
-86873
-86864
-86847
-86840
-86784
-86761
-86748
-86741
-86675
-86583
-86578
-86567
-86550
-86526
-86519
-86512
-86508
-86503
-86496
-86487
-86374
-86362
-86340
-86328
-86294
-86284
-86267
-86144
-86142
-86120
-86023
-86015
-86009
-85948
-85945
-85809
-85719
-85708
-85678
-85608
-85580
-85547
-85517
-85513
-85491
-85490
-85460
-85453
-85432
-85377
-85318
-85257
-85208
-85124
-85121
-85103
-85078
-85050
-85039
-85032
-84997
-84960
-84906
-84902
-84851
-84811
-84794
-84773
-84747
-84725
-84663
-84663
-84547
-84533
-84452
-84448
-84377
-84364
-84358
-84344
-84324
-84122
-84097
-84017
-84012
-83986
-83925
-83877
-83838
-83780
-83766
-83762
-83746
-83720
-83705
-83691
-83610
-83584
-83583
-83543
-83535
-83517
-83506
-83416
-83397
-83323
-83293
-83289
-83274
-83203
-83121
-83076
-83043
-82906
-82891
-82870
-82863
-82815
-82813
-82774
-82762
-82699
-82673
-82645
-82592
-82521
-82440
-82375
-82342
-82340
-82321
-82308
-82289
-82280
-82270
-82216
-82207
-82138
-82108
-81980
-81962
-81939
-81906
-81875
-81826
-81795
-81693
-81621
-81570
-81546
-81502
-81463
-81384
-81326
-81312
-81283
-81234
-81181
-81114
-81091
-81031
-80993
-80986
-80902
-80859
-80841
-80812
-80810
-80800
-80775
-80757
-80734
-80715
-80710
-80693
-80642
-80612
-80535
-80534
-80521
-80432
-80429
-80340
-80274
-80206
-80188
-80086
-80074
-80060
-80050
-80049
-79934
-79900
-79875
-79853
-79801
-79779
-79590
-79572
-79551
-79425
-79316
-79273
-79256
-79240
-79236
-79209
-79206
-79204
-79167
-79107
-79081
-79036
-78990
-78952
-78899
-78856
-78849
-78821
-78755
-78688
-78640
-78546
-78497
-78418
-78397
-78381
-78359
-78341
-78292
-78195
-78073
-78037
-77971
-77942
-77932
-77906
-77800
-77762
-77739
-77732
-77711
-77694
-77683
-77658
-77641
-77573
-77473
-77276
-77206
-77182
-77112
-77093
-77086
-77069
-77060
-77018
-77016
-77015
-76972
-76954
-76850
-76773
-76742
-76715
-76628
-76490
-76395
-76367
-76338
-76319
-76292
-76223
-76186
-76176
-76130
-76097
-76081
-76055
-76048
-76018
-76016
-76006
-75990
-75936
-75875
-75752
-75708
-75588
-75580
-75560
-75464
-75412
-75317
-75254
-75227
-75208
-75197
-75177
-75149
-75126
-75115
-75112
-75109
-75108
-75087
-75042
-74962
-74938
-74891
-74891
-74887
-74828
-74764
-74759
-74748
-74744
-74741
-74662
-74603
-74600
-74555
-74489
-74469
-74402
-74312
-74277
-74226
-74187
-74015
-73969
-73945
-73929
-73928
-73889
-73835
-73812
-73802
-73794
-73778
-73689
-73686
-73670
-73622
-73563
-73501
-73496
-73415
-73408
-73406
-73380
-73362
-73349
-73342
-73333
-73294
-73271
-73179
-73153
-73126
-73125
-72983
-72916
-72888
-72868
-72767
-72718
-72692
-72689
-72621
-72607
-72594
-72561
-72487
-72474
-72448
-72416
-72292
-72286
-72231
-72175
-72165
-72152
-72120
-72014
-72001
-71964
-71906
-71880
-71836
-71781
-71779
-71685
-71653
-71630
-71368
-71293
-71271
-71254
-71245
-71224
-71207
-71182
-70998
-70990
-70938
-70899
-70875
-70839
-70838
-70803
-70789
-70780
-70773
-70686
-70673
-70555
-70551
-70538
-70533
-70463
-70361
-70299
-70248
-70224
-70196
-70163
-70129
-70128
-70052
-70006
-69960
-69949
-69913
-69906
-69761
-69720
-69690
-69594
-69583
-69578
-69572
-69494
-69433
-69369
-69367
-69348
-69327
-69321
-69197
-69147
-69107
-69093
-69080
-69036
-68963
-68861
-68841
-68810
-68766
-68763
-68703
-68655
-68653
-68564
-68544
-68524
-68478
-68449
-68446
-68443
-68416
-68411
-68394
-68364
-68185
-68184
-68151
-68111
-68095
-68041
-68035
-68014
-67918
-67909
-67898
-67893
-67867
-67864
-67729
-67690
-67667
-67660
-67629
-67612
-67584
-67583
-67579
-67497
-67493
-67466
-67459
-67458
-67434
-67367
-67348
-67342
-67315
-67305
-67175
-67106
-67086
-66930
-66908
-66887
-66864
-66849
-66778
-66639
-66540
-66523
-66465
-66462
-66417
-66416
-66413
-66396
-66369
-66354
-66320
-66232
-66222
-66187
-66135
-66047
-66041
-66026
-66009
-66005
-65943
-65915
-65859
-65847
-65796
-65734
-65638
-65551
-65522
-65452
-65448
-65349
-65295
-65271
-65257
-65239
-65197
-65193
-65192
-65143
-65060
-65007
-64984
-64961
-64955
-64846
-64792
-64767
-64759
-64715
-64694
-64691
-64671
-64669
-64655
-64587
-64584
-64488
-64481
-64419
-64405
-64344
-64293
-64266
-64246
-64192
-64179
-64144
-64132
-64093
-64082
-64066
-64057
-64008
-63941
-63911
-63887
-63848
-63771
-63729
-63709
-63586
-63581
-63570
-63527
-63486
-63397
-63388
-63382
-63357
-63295
-63145
-63130
-63095
-63014
-62972
-62947
-62929
-62865
-62827
-62751
-62734
-62665
-62646
-62645
-62644
-62612
-62558
-62532
-62505
-62487
-62462
-62365
-62330
-62316
-62289
-62252
-62236
-62172
-62056
-62024
-61996
-61911
-61882
-61828
-61730
-61713
-61677
-61635
-61617
-61604
-61591
-61549
-61498
-61475
-61458
-61457
-61434
-61408
-61348
-61336
-61334
-61319
-61308
-61291
-61265
-61216
-61203
-61196
-61183
-61173
-61104
-61068
-60879
-60878
-60834
-60706
-60663
-60636
-60575
-60528
-60409
-60381
-60380
-60374
-60357
-60320
-60301
-60223
-60145
-60085
-60019
-60017
-59981
-59966
-59940
-59920
-59874
-59845
-59823
-59822
-59819
-59746
-59730
-59644
-59522
-59497
-59435
-59431
-59412
-59392
-59324
-59285
-59280
-59210
-59174
-59174
-59169
-59059
-59045
-59038
-59023
-58911
-58828
-58814
-58783
-58690
-58682
-58673
-58670
-58545
-58532
-58446
-58404
-58376
-58373
-58360
-58148
-58099
-58075
-58066
-57983
-57973
-57955
-57936
-57923
-57911
-57729
-57657
-57595
-57574
-57483
-57470
-57462
-57461
-57416
-57406
-57301
-57293
-57287
-57276
-57262
-57219
-57216
-57204
-57138
-57134
-57130
-57120
-57093
-57086
-57082
-57076
-57058
-57041
-57027
-57019
-57018
-57015
-56998
-56994
-56911
-56891
-56844
-56664
-56658
-56632
-56607
-56578
-56536
-56497
-56484
-56471
-56465
-56447
-56439
-56408
-56401
-56386
-56350
-56317
-56297
-56281
-56204
-56189
-56183
-56065
-56060
-56048
-55944
-55818
-55797
-55792
-55689
-55669
-55644
-55582
-55401
-55364
-55346
-55316
-55294
-55219
-55206
-55081
-55081
-55079
-55064
-55029
-54982
-54936
-54887
-54792
-54750
-54743
-54738
-54713
-54679
-54579
-54551
-54524
-54507
-54504
-54493
-54475
-54472
-54472
-54358
-54339
-54271
-54196
-54158
-54136
-54111
-54105
-54073
-54051
-54051
-54030
-54007
-53999
-53957
-53889
-53847
-53842
-53835
-53797
-53789
-53749
-53728
-53714
-53703
-53659
-53616
-53607
-53606
-53583
-53515
-53502
-53496
-53477
-53394
-53372
-53349
-53347
-53329
-53299
-53213
-53186
-53175
-53172
-53167
-53143
-53134
-53113
-53057
-52984
-52898
-52855
-52807
-52802
-52691
-52675
-52630
-52624
-52602
-52589
-52502
-52488
-52480
-52470
-52466
-52396
-52384
-52380
-52268
-52237
-52223
-52154
-52135
-52123
-52101
-52056
-52039
-52032
-51967
-51966
-51893
-51820
-51793
-51745
-51728
-51679
-51656
-51525
-51457
-51430
-51366
-51319
-51161
-51157
-51114
-51093
-51036
-50983
-50966
-50942
-50910
-50904
-50875
-50745
-50743
-50668
-50663
-50638
-50616
-50608
-50580
-50566
-50475
-50473
-50363
-50361
-50341
-50312
-50195
-50183
-50178
-50171
-50052
-50041
-49954
-49890
-49874
-49871
-49843
-49834
-49827
-49818
-49818
-49785
-49747
-49660
-49627
-49625
-49527
-49454
-49371
-49279
-49274
-49256
-49227
-49207
-49163
-49157
-49153
-49065
-48841
-48809
-48799
-48774
-48718
-48695
-48681
-48605
-48504
-48420
-48408
-48395
-48344
-48322
-48292
-48292
-48284
-48258
-48190
-48148
-48138
-48106
-48026
-48021
-47933
-47886
-47811
-47736
-47690
-47674
-47526
-47518
-47421
-47398
-47395
-47287
-47282
-47274
-47197
-47118
-46996
-46965
-46914
-46887
-46801
-46794
-46759
-46678
-46633
-46544
-46536
-46503
-46489
-46452
-46363
-46290
-46268
-46257
-46230
-46124
-46094
-46060
-46053
-46036
-46035
-46018
-46010
-46003
-45989
-45976
-45959
-45955
-45925
-45856
-45826
-45808
-45744
-45711
-45671
-45620
-45541
-45473
-45469
-45459
-45418
-45415
-45412
-45410
-45343
-45304
-45285
-45281
-45260
-45237
-45208
-45155
-45146
-45142
-45094
-45086
-45048
-45046
-45031
-45024
-45003
-44997
-44994
-44949
-44934
-44906
-44901
-44890
-44830
-44792
-44785
-44757
-44753
-44718
-44703
-44654
-44623
-44611
-44575
-44572
-44559
-44533
-44515
-44506
-44478
-44473
-44404
-44323
-44282
-44253
-44222
-44186
-44148
-44057
-44049
-44025
-43833
-43785
-43763
-43762
-43629
-43603
-43585
-43585
-43563
-43543
-43541
-43501
-43475
-43470
-43461
-43384
-43360
-43329
-43204
-43104
-43089
-43059
-43028
-42983
-42976
-42973
-42658
-42638
-42551
-42532
-42474
-42391
-42370
-42349
-42342
-42292
-42245
-42207
-42185
-42155
-42084
-42065
-42009
-41985
-41976
-41965
-41947
-41894
-41880
-41747
-41684
-41675
-41663
-41659
-41656
-41630
-41594
-41580
-41576
-41542
-41542
-41393
-41392
-41392
-41367
-41345
-41289
-41092
-41066
-40989
-40975
-40892
-40864
-40807
-40756
-40743
-40724
-40699
-40697
-40610
-40563
-40538
-40521
-40498
-40441
-40440
-40401
-40349
-40344
-40344
-40233
-40230
-40230
-40186
-40119
-40105
-40102
-40051
-40024
-40010
-39873
-39833
-39791
-39773
-39752
-39750
-39747
-39707
-39656
-39599
-39599
-39430
-39419
-39396
-39390
-39387
-39322
-39321
-39289
-39276
-39210
-39193
-39174
-39147
-39130
-39118
-39093
-39043
-39007
-38923
-38917
-38909
-38878
-38863
-38757
-38740
-38730
-38720
-38586
-38567
-38521
-38493
-38475
-38467
-38445
-38401
-38392
-38300
-38283
-38230
-38187
-38148
-38141
-38053
-38040
-38027
-38024
-38001
-37980
-37957
-37949
-37927
-37769
-37714
-37707
-37661
-37629
-37595
-37506
-37464
-37460
-37460
-37436
-37417
-37342
-37290
-37264
-37261
-37232
-37211
-37193
-37174
-37134
-36969
-36908
-36874
-36841
-36821
-36816
-36796
-36784
-36733
-36731
-36708
-36678
-36658
-36647
-36646
-36630
-36541
-36526
-36523
-36482
-36464
-36445
-36437
-36355
-36286
-36244
-36215
-36187
-36178
-36163
-36137
-36127
-36116
-35905
-35805
-35800
-35770
-35752
-35747
-35558
-35488
-35385
-35381
-35211
-35195
-34976
-34900
-34859
-34837
-34835
-34757
-34743
-34714
-34682
-34665
-34417
-34391
-34387
-34383
-34354
-34328
-34320
-34311
-34166
-34110
-34106
-34106
-34083
-34078
-34025
-34016
-33974
-33974
-33960
-33934
-33854
-33854
-33838
-33804
-33762
-33691
-33636
-33583
-33547
-33522
-33512
-33461
-33338
-33231
-33202
-33162
-33160
-33135
-33043
-32918
-32736
-32731
-32668
-32657
-32626
-32605
-32598
-32458
-32441
-32424
-32399
-32368
-32355
-32306
-32281
-32173
-32154
-32152
-31995
-31990
-31835
-31834
-31827
-31817
-31805
-31746
-31718
-31680
-31625
-31530
-31526
-31525
-31444
-31404
-31403
-31372
-31304
-31270
-31266
-31232
-31203
-31192
-31162
-31036
-30978
-30973
-30965
-30962
-30924
-30912
-30814
-30805
-30655
-30615
-30607
-30498
-30476
-30449
-30368
-30150
-30087
-30058
-29984
-29966
-29916
-29910
-29901
-29883
-29817
-29800
-29800
-29800
-29690
-29682
-29644
-29520
-29510
-29475
-29358
-29327
-29272
-29232
-29118
-29094
-29064
-28954
-28952
-28919
-28899
-28837
-28810
-28747
-28740
-28721
-28707
-28706
-28701
-28659
-28658
-28608
-28589
-28408
-28390
-28359
-28344
-28326
-28305
-28263
-28242
-28136
-28125
-28086
-28085
-28055
-27949
-27926
-27892
-27891
-27831
-27811
-27679
-27659
-27656
-27638
-27603
-27556
-27552
-27537
-27527
-27446
-27437
-27391
-27364
-27311
-27292
-27265
-27168
-27131
-27082
-27037
-27028
-27013
-26965
-26962
-26878
-26848
-26738
-26738
-26725
-26697
-26687
-26686
-26643
-26541
-26466
-26409
-26396
-26380
-26345
-26318
-26290
-26241
-26231
-26219
-26202
-26112
-26097
-26043
-26012
-26010
-26005
-25986
-25906
-25806
-25782
-25774
-25738
-25671
-25670
-25667
-25591
-25589
-25499
-25472
-25406
-25402
-25359
-25355
-25315
-25295
-25275
-25090
-24994
-24974
-24892
-24798
-24763
-24618
-24605
-24591
-24570
-24570
-24550
-24457
-24429
-24393
-24306
-24303
-24269
-24193
-24150
-24095
-24078
-24039
-24025
-23993
-23984
-23957
-23898
-23798
-23773
-23755
-23748
-23731
-23715
-23673
-23641
-23637
-23516
-23515
-23499
-23493
-23398
-23377
-23374
-23359
-23165
-22885
-22875
-22777
-22732
-22653
-22633
-22564
-22489
-22487
-22291
-22158
-22149
-22149
-22113
-22035
-22027
-21974
-21723
-21715
-21697
-21644
-21557
-21526
-21420
-21367
-21314
-21268
-21246
-21198
-21151
-21150
-21116
-21041
-21020
-21016
-21005
-20924
-20872
-20857
-20791
-20786
-20753
-20695
-20683
-20670
-20610
-20566
-20551
-20528
-20517
-20500
-20472
-20414
-20362
-20332
-20276
-20172
-20123
-20096
-20082
-20021
-20015
-19969
-19917
-19880
-19870
-19770
-19762
-19730
-19660
-19601
-19567
-19546
-19403
-19328
-19310
-19290
-19167
-19142
-19139
-19118
-19094
-19013
-18994
-18976
-18965
-18964
-18941
-18887
-18883
-18830
-18810
-18808
-18759
-18690
-18682
-18669
-18602
-18550
-18485
-18457
-18361
-18283
-18269
-18247
-18163
-18162
-18090
-18032
-18011
-17998
-17959
-17946
-17837
-17781
-17690
-17686
-17581
-17566
-17538
-17525
-17474
-17384
-17353
-17298
-17294
-17131
-17103
-17067
-17044
-17017
-17004
-16980
-16956
-16930
-16930
-16901
-16886
-16639
-16599
-16573
-16489
-16472
-16458
-16441
-16423
-16343
-16322
-16283
-16258
-16225
-16192
-16152
-16075
-15888
-15770
-15767
-15755
-15733
-15712
-15652
-15627
-15597
-15567
-15532
-15498
-15482
-15449
-15395
-15298
-15248
-15226
-15208
-15190
-15119
-15030
-15004
-14979
-14931
-14884
-14771
-14719
-14695
-14586
-14575
-14515
-14464
-14455
-14344
-14332
-14248
-14233
-14162
-14121
-14110
-14091
-14052
-13996
-13973
-13956
-13942
-13939
-13924
-13898
-13878
-13861
-13745
-13738
-13701
-13694
-13654
-13645
-13626
-13571
-13571
-13566
-13551
-13541
-13499
-13498
-13415
-13201
-13170
-13143
-13109
-13074
-13038
-12989
-12961
-12927
-12915
-12870
-12852
-12837
-12770
-12719
-12595
-12594
-12542
-12539
-12534
-12513
-12468
-12449
-12434
-12434
-12355
-12342
-12310
-12262
-12213
-12187
-12108
-12079
-11960
-11842
-11813
-11786
-11770
-11712
-11698
-11630
-11617
-11531
-11448
-11409
-11385
-11357
-11298
-11245
-11206
-11171
-11140
-11126
-11084
-11069
-11064
-11055
-10924
-10739
-10737
-10616
-10606
-10585
-10557
-10521
-10518
-10487
-10438
-10415
-10381
-10373
-10362
-10258
-10241
-10241
-10205
-10183
-10111
-10104
-10093
-10083
-10037
-9990
-9946
-9851
-9699
-9557
-9484
-9482
-9474
-9467
-9450
-9432
-9419
-9388
-9366
-9365
-9296
-9187
-9153
-9149
-9048
-9018
-9010
-9005
-8972
-8969
-8958
-8952
-8923
-8918
-8899
-8831
-8811
-8803
-8771
-8752
-8724
-8686
-8669
-8573
-8519
-8509
-8503
-8449
-8413
-8369
-8316
-8289
-8275
-8265
-8246
-8213
-8208
-8165
-8122
-8105
-8092
-8070
-8065
-8030
-8008
-7987
-7872
-7840
-7826
-7754
-7745
-7742
-7681
-7652
-7566
-7529
-7528
-7433
-7409
-7346
-7202
-7018
-7003
-6975
-6970
-6935
-6872
-6793
-6752
-6728
-6693
-6691
-6682
-6661
-6596
-6590
-6583
-6568
-6549
-6447
-6335
-6320
-6162
-6144
-6115
-5917
-5774
-5662
-5645
-5573
-5542
-5539
-5515
-5512
-5461
-5430
-5396
-5370
-5278
-5266
-5210
-5209
-5108
-5061
-5051
-5029
-5003
-5001
-5001
-4976
-4916
-4900
-4894
-4877
-4864
-4779
-4778
-4765
-4725
-4626
-4567
-4507
-4502
-4489
-4421
-4379
-4378
-4338
-4308
-4258
-4187
-4179
-4173
-4158
-4156
-4142
-4105
-4074
-4044
-3988
-3915
-3905
-3904
-3882
-3859
-3750
-3737
-3729
-3707
-3652
-3644
-3635
-3613
-3597
-3559
-3543
-3517
-3392
-3362
-3311
-3302
-3250
-3250
-3233
-3209
-3205
-3175
-3174
-3162
-3151
-3137
-3092
-3091
-3082
-3068
-3019
-2998
-2995
-2949
-2925
-2898
-2882
-2855
-2839
-2830
-2817
-2769
-2734
-2721
-2640
-2622
-2587
-2584
-2546
-2476
-2323
-2292
-2291
-2277
-2263
-2261
-2255
-2054
-1980
-1900
-1883
-1879
-1870
-1841
-1820
-1795
-1750
-1652
-1630
-1598
-1531
-1517
-1442
-1436
-1431
-1318
-1276
-1273
-1225
-1192
-1176
-1062
-1060
-956
-924
-871
-861
-859
-834
-732
-666
-655
-542
-529
-407
-359
-348
-301
-284
-279
-199
-40
-6
20
35
70
142
144
214
300
316
408
488
490
494
514
528
567
593
606
612
612
655
666
688
759
830
893
951
988
1120
1165
1205
1218
1261
1292
1302
1315
1339
1384
1443
1466
1483
1495
1629
1674
1733
1734
1771
1833
1850
1902
1917
1918
1923
1931
2085
2088
2096
2157
2217
2242
2263
2268
2321
2329
2360
2397
2448
2475
2514
2549
2627
2651
2675
2801
2833
2972
2978
3086
3148
3210
3211
3268
3280
3282
3283
3291
3408
3447
3458
3554
3571
3609
3686
3705
3715
3733
3742
3749
3927
3976
3995
4070
4152
4222
4240
4405
4426
4430
4457
4479
4504
4581
4594
4624
4633
4653
4789
4801
4826
4830
4835
4842
4920
4932
4970
4979
5013
5046
5070
5229
5230
5283
5302
5312
5348
5383
5386
5410
5462
5489
5512
5544
5550
5555
5571
5573
5576
5576
5581
5583
5618
5629
5647
5704
5707
5731
5737
5760
5763
5867
5876
5887
5896
5962
6001
6040
6046
6068
6087
6136
6214
6215
6225
6244
6334
6375
6421
6472
6530
6559
6567
6581
6609
6611
6618
6652
6710
6716
6721
6755
6762
6789
6793
6800
6895
6955
6982
7000
7092
7177
7196
7201
7216
7224
7295
7360
7391
7403
7421
7451
7467
7467
7543
7550
7556
7586
7589
7628
7646
7713
7760
7782
7810
8030
8036
8047
8058
8070
8130
8188
8247
8451
8461
8563
8614
8655
8772
8790
8816
8869
8948
8965
8985
9004
9028
9057
9095
9134
9140
9161
9177
9227
9279
9293
9303
9512
9575
9600
9654
9700
9702
9703
9718
9755
9877
9936
9957
9973
10031
10080
10136
10141
10161
10198
10257
10286
10307
10317
10342
10390
10402
10446
10485
10493
10520
10564
10642
10737
10798
10904
10907
10974
11019
11110
11169
11299
11300
11308
11356
11381
11419
11508
11600
11662
11708
11789
11928
11974
12051
12117
12163
12167
12243
12252
12305
12362
12362
12423
12471
12536
12547
12567
12841
12893
12917
12954
13049
13064
13152
13191
13219
13230
13275
13419
13438
13459
13465
13499
13520
13544
13602
13617
13621
13636
13677
13701
13836
13994
14045
14058
14066
14067
14082
14106
14110
14130
14205
14231
14296
14298
14302
14379
14384
14579
14610
14643
14726
14796
14812
14827
14882
14912
14947
14976
15020
15028
15045
15046
15097
15102
15166
15238
15242
15243
15261
15265
15302
15309
15311
15311
15500
15600
15625
15639
15709
15740
15751
15758
15769
15799
15800
15825
15850
15879
15949
15955
15984
16021
16041
16057
16150
16156
16159
16183
16214
16214
16295
16423
16438
16523
16541
16563
16709
16723
16786
16789
16829
16857
16882
16969
16972
16980
17075
17089
17114
17157
17213
17276
17342
17376
17384
17514
17585
17728
17969
18021
18123
18162
18203
18251
18297
18323
18384
18386
18390
18400
18402
18461
18462
18479
18513
18548
18630
18680
18691
18884
18918
18952
19030
19097
19108
19165
19170
19207
19266
19344
19404
19668
19770
19879
19941
19950
19959
20144
20153
20157
20169
20273
20277
20295
20303
20309
20411
20510
20520
20648
20660
20692
20722
20802
20892
20894
21078
21157
21161
21207
21245
21247
21280
21328
21330
21393
21410
21448
21453
21555
21564
21586
21597
21703
21728
21736
21836
21858
21876
21889
22025
22067
22075
22215
22231
22255
22337
22352
22363
22375
22408
22537
22574
22629
22658
22754
22840
22868
22871
22899
22934
22939
22945
22956
22977
22986
22990
22995
23062
23066
23141
23160
23162
23186
23208
23239
23240
23262
23285
23326
23338
23383
23408
23455
23511
23574
23601
23648
23665
23708
23749
23792
23795
23828
23871
23881
23882
23898
23903
23946
23949
23977
24019
24022
24101
24189
24202
24207
24267
24277
24341
24399
24418
24490
24550
24550
24559
24627
24629
24635
24659
24666
24716
24731
24913
25026
25060
25145
25190
25245
25273
25290
25301
25354
25373
25381
25394
25396
25470
25512
25534
25618
25753
25761
25807
25885
25973
25974
26065
26107
26152
26170
26200
26205
26212
26283
26365
26398
26415
26504
26569
26594
26740
26809
26836
26843
26863
26896
26923
26982
27013
27017
27197
27249
27270
27310
27341
27380
27385
27449
27455
27486
27493
27549
27561
27595
27598
27648
27722
27861
27879
27913
27976
28025
28066
28070
28164
28208
28223
28275
28321
28331
28382
28440
28445
28482
28599
28686
28694
28747
28762
28775
28799
28813
28848
28939
29055
29088
29108
29110
29263
29346
29412
29456
29481
29505
29524
29595
29612
29619
29625
29664
29682
29688
29707
29741
29761
29793
29810
29812
29837
29857
29921
29958
29999
30111
30135
30168
30254
30324
30378
30384
30395
30486
30492
30496
30504
30626
30638
30665
30707
30756
30756
30798
30927
31003
31021
31040
31088
31107
31123
31128
31134
31151
31153
31350
31388
31444
31520
31532
31627
31627
31636
31648
31683
31687
31714
31736
31837
31844
31895
31982
31995
32007
32034
32053
32068
32083
32092
32117
32233
32241
32263
32264
32293
32299
32301
32325
32371
32379
32399
32450
32513
32520
32582
32587
32588
32598
32724
32732
32743
32744
32843
32846
32897
32907
32917
32924
33009
33043
33074
33098
33103
33113
33163
33233
33252
33299
33349
33359
33482
33496
33507
33510
33511
33637
33727
33727
33904
33913
34082
34100
34102
34118
34136
34144
34166
34168
34206
34216
34261
34262
34263
34270
34296
34382
34391
34425
34508
34508
34550
34684
34703
34720
34833
34841
34870
34895
34903
34927
34978
34988
35093
35115
35204
35209
35365
35387
35393
35402
35406
35417
35443
35513
35557
35632
35645
35681
35759
36019
36033
36039
36063
36065
36130
36190
36246
36298
36308
36311
36345
36363
36379
36464
36550
36572
36597
36647
36701
36736
36749
36750
36780
36792
36803
36836
36896
36903
36913
36976
36977
36996
37037
37191
37218
37247
37249
37266
37417
37469
37475
37481
37535
37581
37629
37738
37784
37789
37800
37855
37911
37969
37992
37999
38002
38022
38215
38231
38257
38342
38392
38398
38405
38441
38495
38562
38714
38725
38785
38887
38892
38893
39020
39086
39105
39116
39119
39138
39152
39190
39196
39200
39208
39210
39215
39237
39238
39272
39312
39327
39360
39378
39396
39464
39469
39536
39566
39567
39572
39607
39682
39706
39743
39756
39773
39815
39820
39881
39903
39906
39916
40029
40106
40124
40193
40306
40384
40392
40465
40474
40515
40515
40522
40822
40848
40853
40861
40890
40996
41041
41058
41062
41107
41127
41188
41281
41358
41373
41404
41556
41558
41648
41668
41689
41728
41786
41825
41851
41876
41944
41984
41993
42037
42076
42083
42097
42114
42137
42149
42161
42195
42292
42316
42332
42379
42415
42481
42560
42562
42577
42619
42673
42681
42759
42775
42787
42882
42909
42919
42968
43029
43090
43118
43148
43155
43155
43328
43346
43453
43523
43630
43687
43688
43715
43932
43977
43980
44032
44110
44131
44178
44221
44319
44380
44390
44544
44567
44584
44657
44680
44718
44754
44762
44776
44815
44815
44905
44911
45076
45110
45110
45141
45147
45178
45247
45433
45452
45667
45794
45827
45914
45977
46018
46058
46065
46075
46159
46213
46222
46249
46297
46332
46353
46432
46495
46523
46562
46637
46720
46821
46830
46857
46906
46911
46926
46987
47018
47128
47181
47201
47322
47335
47374
47402
47403
47408
47415
47513
47715
47763
47767
47780
47972
47979
47987
48071
48115
48138
48180
48207
48256
48262
48262
48300
48339
48374
48399
48414
48442
48463
48467
48471
48533
48583
48596
48660
48671
48713
48855
48882
48938
48968
48973
48996
48999
49060
49105
49117
49206
49211
49240
49295
49358
49392
49403
49408
49455
49466
49499
49525
49539
49550
49576
49577
49613
49650
49685
49759
49820
49885
49894
50006
50087
50090
50127
50147
50312
50313
50373
50427
50446
50534
50668
50715
50756
50762
50778
50799
50862
50896
51008
51063
51086
51118
51155
51161
51236
51241
51250
51340
51346
51365
51369
51388
51398
51431
51445
51512
51568
51622
51669
51691
51730
51794
51801
51807
51824
51861
51885
51891
51964
52105
52173
52174
52185
52236
52253
52258
52295
52306
52312
52379
52380
52502
52504
52538
52612
52755
52756
52834
52834
52837
52867
52874
52902
52913
52920
52954
53101
53105
53127
53143
53146
53156
53197
53416
53440
53498
53711
53735
53800
53864
53874
53885
53898
53902
53907
53912
53915
53921
54006
54054
54096
54268
54304
54376
54411
54425
54445
54542
54585
54609
54632
54687
54729
54732
54860
54975
54992
55016
55036
55145
55155
55178
55319
55404
55434
55441
55479
55593
55610
55613
55633
55634
55685
55691
55697
55755
55797
55869
55921
56073
56087
56162
56212
56231
56240
56268
56383
56427
56442
56467
56474
56538
56562
56564
56606
56615
56665
56676
56723
56758
56769
56775
56824
56859
56897
56910
56917
56946
56958
57001
57037
57060
57062
57077
57167
57280
57315
57378
57384
57428
57451
57479
57584
57618
57655
57700
57746
57786
57838
57949
58018
58025
58068
58089
58168
58232
58327
58333
58412
58439
58440
58493
58527
58568
58616
58631
58644
58678
58778
58784
58785
58865
58880
58893
58904
58925
59006
59068
59114
59143
59144
59158
59164
59224
59255
59316
59325
59328
59338
59376
59391
59398
59431
59515
59585
59605
59606
59659
59691
59737
59746
59768
59787
59795
59874
59943
59973
60031
60035
60172
60286
60293
60384
60402
60419
60467
60567
60582
60628
60636
60673
60718
60734
60738
60767
60768
60772
60791
60799
60807
60850
60924
60953
60972
61064
61130
61150
61173
61240
61242
61262
61302
61302
61317
61322
61367
61385
61413
61434
61446
61481
61486
61496
61510
61591
61622
61701
61834
61933
61990
61993
62155
62157
62236
62252
62330
62346
62407
62439
62501
62650
62724
62898
62916
62934
63006
63016
63073
63089
63108
63118
63135
63136
63137
63198
63279
63290
63334
63365
63398
63460
63591
63667
63705
63757
63785
63823
63837
63838
63849
63888
63896
63927
63983
63991
64052
64059
64118
64157
64228
64229
64282
64313
64373
64392
64431
64447
64521
64542
64568
64593
64606
64622
64634
64667
64671
64771
64775
64862
64921
65018
65033
65037
65098
65266
65274
65295
65305
65318
65352
65395
65427
65484
65577
65667
65671
65708
65711
65711
65789
65795
65857
65924
65930
65948
65964
66003
66109
66132
66224
66236
66261
66319
66333
66348
66362
66391
66397
66406
66415
66529
66567
66609
66717
66731
66789
66804
66895
66920
66978
66999
67032
67036
67038
67040
67080
67111
67123
67145
67303
67333
67452
67488
67574
67580
67596
67688
67787
67791
67835
67988
68063
68094
68144
68150
68224
68237
68282
68356
68401
68444
68550
68577
68619
68677
68742
68744
68751
68823
68845
68896
68898
68926
68940
68957
69007
69048
69074
69087
69101
69109
69170
69176
69179
69185
69206
69214
69285
69296
69342
69380
69408
69410
69454
69465
69532
69533
69549
69565
69624
69637
69691
69693
69730
69752
69788
69805
69852
69885
69918
69924
69956
69980
70006
70010
70028
70065
70104
70265
70372
70393
70418
70510
70536
70568
70590
70615
70671
70696
70706
70710
70729
70777
70824
70838
70842
70854
70857
70910
70927
70944
70987
71003
71050
71057
71065
71123
71187
71208
71288
71340
71448
71520
71526
71643
71648
71778
71890
71911
71973
72121
72151
72184
72253
72314
72333
72404
72446
72497
72620
72622
72702
72740
72812
72826
72885
73007
73171
73210
73225
73279
73285
73329
73336
73370
73370
73371
73514
73561
73617
73623
73655
73713
73891
73901
73908
73932
73941
73968
74008
74058
74070
74110
74166
74209
74236
74274
74289
74310
74326
74327
74348
74352
74357
74368
74377
74386
74408
74431
74465
74487
74526
74548
74580
74587
74600
74628
74703
74730
74739
74765
74765
74790
74892
74898
74923
74928
74969
75173
75257
75282
75309
75414
75432
75466
75479
75599
75606
75653
75666
75703
75732
75740
75775
75794
75810
75837
75879
75880
75939
75980
75981
75985
75986
76079
76132
76204
76304
76357
76393
76396
76430
76441
76441
76452
76495
76520
76558
76570
76631
76656
76668
76757
76771
76893
76900
76908
76936
76942
76965
77006
77084
77103
77162
77194
77211
77330
77365
77428
77478
77509
77588
77606
77637
77854
77859
77974
78003
78014
78018
78074
78206
78250
78302
78303
78381
78538
78613
78623
78634
78634
78642
78767
78784
78858
78867
78914
78924
78958
78976
79043
79062
79127
79171
79190
79297
79345
79353
79401
79444
79549
79567
79574
79664
79695
79729
79769
79833
79928
79931
79937
79946
80119
80124
80199
80278
80314
80345
80528
80549
80631
80634
80676
80682
80736
80785
80870
80938
80980
80988
81069
81081
81094
81107
81140
81148
81260
81292
81362
81362
81445
81457
81465
81471
81502
81555
81573
81621
81676
81679
81729
81762
81775
81795
81812
81829
81841
81852
81871
81897
81915
82020
82038
82044
82059
82062
82142
82166
82183
82403
82406
82440
82444
82519
82542
82551
82605
82685
82745
82767
82862
82908
82996
83027
83028
83038
83083
83124
83133
83213
83276
83329
83469
83485
83511
83520
83554
83560
83570
83611
83623
83679
83720
83828
83845
83884
83896
83957
83974
83974
84029
84127
84199
84216
84275
84324
84408
84430
84455
84542
84551
84617
84639
84641
84721
84750
84788
84830
84852
85018
85037
85047
85078
85086
85194
85295
85299
85321
85339
85373
85376
85435
85443
85489
85536
85550
85632
85694
85786
85851
85867
85913
85957
85995
86038
86052
86065
86088
86148
86149
86169
86175
86236
86294
86384
86385
86507
86538
86569
86574
86602
86696
86705
86729
86877
86943
86973
87045
87057
87078
87082
87119
87131
87140
87156
87176
87180
87211
87250
87256
87282
87285
87310
87368
87407
87461
87512
87529
87530
87556
87584
87649
87699
87701
87710
87740
87749
87750
87775
87821
87830
87949
87964
87988
87995
88039
88114
88164
88204
88281
88315
88350
88405
88457
88515
88537
88575
88585
88593
88605
88667
88745
88751
88774
88778
88789
88881
88903
88937
88970
88975
88996
89069
89154
89180
89202
89224
89234
89282
89286
89321
89460
89476
89496
89535
89616
89642
89688
89698
89718
89732
89735
89789
89835
89861
90033
90102
90106
90133
90161
90161
90170
90252
90319
90355
90380
90401
90451
90550
90587
90588
90618
90622
90635
90688
90795
90808
90924
90931
90938
90967
91042
91095
91107
91128
91143
91197
91254
91299
91474
91568
91634
91643
91660
91704
91836
91861
91907
92052
92057
92112
92118
92126
92144
92161
92196
92228
92243
92281
92307
92345
92354
92444
92470
92501
92530
92577
92596
92621
92646
92678
92694
92697
92794
92849
92886
92949
92973
93002
93007
93025
93115
93263
93276
93310
93474
93498
93506
93526
93539
93581
93611
93659
93664
93672
93737
93791
93864
93925
93929
93964
93979
93994
94018
94040
94042
94076
94092
94207
94309
94371
94405
94542
94674
94688
94731
94732
94740
94742
94851
94924
94960
94974
95043
95053
95150
95161
95169
95187
95275
95300
95302
95310
95338
95426
95455
95568
95576
95693
95697
95702
95754
95775
95819
95838
95898
95906
95906
95927
95987
96052
96070
96074
96122
96208
96269
96304
96322
96385
96389
96424
96439
96493
96522
96540
96558
96637
96668
96766
96770
96784
96806
96889
96893
96923
96952
97001
97024
97026
97031
97042
97067
97081
97086
97126
97161
97168
97258
97306
97312
97327
97330
97354
97387
97413
97499
97669
97699
97700
97709
97814
97882
98029
98055
98068
98076
98122
98142
98166
98183
98187
98214
98231
98357
98412
98426
98449
98487
98529
98549
98602
98642
98724
98764
98776
98799
98888
98935
99010
99025
99079
99181
99200
99247
99270
99298
99340
99387
99395
99419
99517
99545
99574
99593
99603
99645
99687
99761
99782
99818
99826
99833
99864