18461
-53347
-53957
-30962
-35752
24659
-63586
-81114
93581
26740
-19770
-27552
-43475
80549
-65859
-89598
-93083
9057
-98809
-51114
61173
-53659
34166
31123
3571
-5266
-73945
-92840
35759
-41542
94018
-37957
25026
-62734
51622
62501
-60380
-48408
70777
-36841
74739
2475
-36678
-31827
35
60791
72812
-20753
36019
95150
56859
-97072
71911
-21557
-40697
-33162
72333
64059
-82108
70927
-68446
-55206
-46363
61242
-16980
40029
17157
94309
-94496
-20566
-3162
66261
-8449
-75112
41876
-22487
-56632
-4725
-37707
-80429
93506
-74764
16709
-13745
98076
38405
-8070
-6549
-19567
10737
87830
-75087
95775
31128
69805
49820
-32424
-3250
-41542
-52039
23574
75703
-81502
-11357
37855
35645
32724
-99106
2268
81502
24629
80682
32117
-88564
-56497
92470
21247
-84452
10564
44390
-94291
60402
83038
-71880
72620
-53213
10904
-55818
37629
-79779
-2855
96889
1918
-70899
-16930
89154
51398
35387
42882
83469
-73689
75939
56917
-98063
-54493
-1652
-75317
-99542
-33043
9512
-92102
30496
-65349
-97142
72446
-75042
46495
58616
-5061
60467
48339
69565
-50638
-69197
-57574
54687
32450
12954
-90318
85435
214
88774
92126
69885
86569
-16343
28331
-57483
49403
-97343
62252
-39289
-13038
86052
-5430
-58911
65708
96766
-57216
-14162
-28125
34270
41127
96269
-45304
-48344
-66005
-27537
-24303
-81463
38892
84830
81555
-96500
-8918
46987
2978
87078
-1176
74730
41041
74892
2360
-89361
-59174
-3175
80345
-82891
-46794
59328
-40975
-78990
-92474
-56386
-74277
71123
-62751
64667
408
22995
46720
-60575
-11630
15028
-10381
-37980
-3250
5707
-82280
85913
-94333
66406
-73835
96389
10161
16159
-80986
54411
70510
64447
-64008
1466
-9048
6334
98142
48583
86538
-29644
76520
26982
28382
86943
-53372
94542
-36796
49105
36039
56897
-37174
47402
-64093
31982
-32598
-39750
10307
81829
-61173
59768
-85580
49117
-71836
-47421
56383
-6752
-76338
93925
-31995
14827
88789
6225
44776
-57923
48713
14796
71065
64775
23882
12547
-53172
-72175
76495
12243
-66849
-46290
36065
-12594
39756
-54339
-46965
-56607
-61498
-59966
99603
41851
-15597
-11960
10286
-77739
-29817
64431
75986
10136
-82375
-40498
-91673
90133
50668
-38230
-82216
51801
17728
74431
29761
-67458
43029
27385
13636
-81312
-50745
93263
-29118
-28589
-10258
-80074
83974
52174
1902
51512
-97090
-2546
-67106
37969
1384
-92202
-48799
67038
85086
-13074
-83838
-13942
23511
-44057
-279
86149
-8686
-14464
20802
-90131
-1060
25974
-28706
-33804
-88131
36308
-5210
34425
96070
-60636
-92158
77509
83133
53101
64282
-67660
-93767
62724
78634
42968
-54111
-93497
-19013
18123
83083
21410
52379
-22158
-5001
-90710
14643
65395
-26466
-36355
82406
10493
-28919
71003
4504
76452
-64057
-59435
12536
-95639
-6596
85299
-12927
-45281
-17103
99593
-34837
5070
68619
-54713
8058
-48774
55869
-80534
-98942
75980
-26219
-35211
22658
39881
68926
19097
-13939
-82342
-2998
-36464
-46452
74765
10080
-52675
57167
59874
-41675
58439
6046
42332
58527
-99893
39360
-11069
-59280
6800
-48322
-41393
-54105
-59746
-5001
2651
-67898
81795
87256
-61104
-45094
-11617
29707
57838
-61203
-16423
42775
26365
-1980
-53167
48207
-19167
-72692
75810
-4338
-88773
-49834
-54073
20411
53498
68742
-24570
-5209
-86340
-6661
-57470
34988
78914
31151
-17946
7810
34841
-859
47780
27449
-24457
78976
-96075
31895
27561
28321
-87895
70696
16829
33009
88515
-26005
44754
-50183
-57276
-732
-17690
-94116
-5539
-34166
63108
-25359
9095
-56998
25354
-99198
-10241
68444
-36244
-74759
17585
-18965
39567
-74015
-94246
99395
28066
-94202
-29475
-97678
37037
-39773
-20021
-17004
-88082
75653
41404
85957
11169
-92679
63849
89234
58925
-69594
-39707
43346
-53703
5383
33727
20692
33103
-55797
300
17213
-48395
-36647
-34835
-77573
-95443
3280
-4507
-34743
-72152
-39833
97001
-16258
5704
5386
20273
-48841
-14515
78303
-90615
73370
22337
69176
-30814
-59392
45247
-74662
-61828
33637
-90393
56723
-91862
-53847
-45024
-14455
-12539
69101
1120
-49785
-82815
35365
-16075
-98906
-12770
75466
-81962
73279
-64715
-96485
-27437
79567
-98966
-23499
49408
5544
40848
-37436
81729
-86840
98888
48938
-24974
-63382
-83543
86294
21157
91474
-43329
-93170
81457
-30924
-90456
-26010
41556
-76972
60172
84721
-29520
85047
37266
5573
51161
-56350
-72868
23903
61150
-15498
54585
69956
-60017
-529
-67466
57062
78381
31532
93115
8772
33043
57077
-82906
-10111
74580
85632
88970
-11298
-16322
-42551
-73928
7421
-50580
-37417
-37134
-79107
-4158
-70938
-79273
-66887
27595
56758
2549
30504
30626
-13143
-3597
-1431
87556
21564
57378
-19142
31627
74465
69296
-12213
-93041
-38923
-42391
-43785
23828
-84747
19950
4789
-61604
-96477
66804
-82762
-28326
52538
-5662
72885
-17017
-87023
96952
-81234
-43059
-16441
42379
75666
-74887
47715
76668
71520
-92474
-53797
49211
-31525
54860
78767
25394
12051
-56401
77162
-89940
-48190
-78292
19030
95053
-41594
-23374
78538
-85809
15639
-89967
9755
-27892
-1531
55691
32513
-40521
-58148
-61457
-79081
-5917
-64792
-40743
-73670
60293
82403
-28810
80528
528
-21715
46332
-93269
-97755
-57130
-18690
5896
-73333
-72689
8869
-36630
59787
27455
-84663
-36784
15097
76757
-55689
1483
24207
-81693
9134
-38757
74368
6716
95169
56538
16214
65711
-78546
66789
-28701
9140
65857
-33636
-12870
-86911
-90081
-31834
-10241
72253
39916
88204
4932
89616
-46094
-37949
69533
-66864
-82870
25060
-83691
-86935
-31526
-61996
-80775
78250
-95188
-43543
-6590
1443
7467
56910
-61911
13617
-11206
-85432
-55669
-82138
-28954
-84902
-70196
61262
-407
-99975
-76742
68677
-26345
-6335
17276
-38521
-37460
16882
8036
94851
82542
21448
-30476
34508
59943
75606
86973
-90110
-97815
-9149
-44994
32301
-11712
-83274
74898
-9419
-27926
-63581
-64587
-33583
-2817
-41656
22408
-4378
74923
-26738
-66187
93276
55634
-27391
-70555
-60663
86574
52295
-7409
89476
-83043
17089
70393
54425
38215
-15298
-87017
-80206
-39193
83974
79695
-61265
24913
9303
-95372
79190
-97493
94974
93539
-52589
10446
48999
45794
-92264
57746
-30805
-83766
-22149
16041
3686
76893
94960
99181
-69720
28208
10798
92694
-81980
33233
52834
-79590
-41747
-57018
-49256
-38392
-25738
96806
31648
87988
-65192
-34311
-80340
34082
32034
24731
52874
60799
-34383
15758
-4894
5410
52755
-42973
13602
69087
-45031
-5003
13049
-12852
36976
64568
-10487
-64759
39238
11600
-45415
-98692
89496
-38027
-75126
-39174
-37769
92949
14726
71057
4070
-80612
-13924
-94976
42083
81852
-34665
15302
-96212
13152
-18883
4830
34168
20722
51236
-9484
58631
-51966
-63911
7177
81573
-48292
-542
51155
22990
-7566
74526
-12534
68356
-73929
-84364
57700
79401
65295
29810
-26318
63705
-82592
-38740
25301
51388
-63709
-62532
144
-51793
7403
-55294
-8316
-46010
36836
-7433
-20786
76908
87176
81471
-87934
-86985
29619
4479
-8669
-60878
31350
-13170
-72286
-85032
-8803
-18808
46353
63290
-79875
-18247
79345
-25295
90319
-72983
-73362
8816
6040
22363
22939
-8952
63135
32924
-85039
-41392
-87080
-87272
24627
-84811
93007
-69321
68898
49576
-24591
15166
-10518
88975
12423
-66047
-62330
-82813
58327
86088
-28659
-68443
57584
-50473
-4900
86148
-5108
40853
-13571
82038
90618
52258
-69583
55593
-49157
6136
82059
42787
-93682
-28136
35093
12305
96784
32907
-33231
-63887
-89416
3733
-64846
42316
56824
-77018
-66009
-74402
39138
33727
-13898
-73349
62155
48467
97126
-98544
-94571
98602
-31372
-43833
-91655
22352
-78073
39215
3554
-40119
1495
15600
69380
26200
666
66224
-37290
58644
-54358
-62236
80314
-60706
87995
-97312
3995
-72718
66236
-95710
4222
91907
-24892
-14771
-52984
16723
-88954
44221
-34714
87529
-86374
69048
-40989
-3082
-8265
61510
-64192
61622
48671
13064
-84377
-28263
-57973
-35905
-44478
25381
-57027
-64419
-25986
-53496
13994
-80810
74008
67452
70028
-18994
37475
-74187
43155
-28899
-68963
43980
-80521
-11698
11308
9957
31134
36550
-51093
-10521
36190
60628
93474
95898
-47690
50778
-40807
23601
25190
73210
-12434
830
-37595
62407
-26541
2242
19170
85018
-99329
-66041
30486
-49153
54729
92530
-46230
41984
-49371
-25591
-63527
-58532
-77932
-3859
44319
-48258
-8030
83570
-65915
-49827
98068
92196
-4187
11974
5581
92354
-83293
45178
23240
-54136
55610
-78497
6375
76396
-59169
-74312
92345
32846
11789
27310
-57019
-17353
-38148
69170
97814
28599
-78037
-88249
-76715
51824
-51457
-71685
48300
14812
73891
-70463
94688
47335
57280
-75197
78014
22231
-23748
-95332
-28242
31444
60673
-2769
98426
60636
22215
59158
56268
-12342
87750
69752
24399
2675
70006
40106
-12079
-57461
-8213
-40233
-56465
95338
67036
-73294
74327
70590
-76319
89835
54732
-85103
39773
64228
-68151
99079
30756
-64691
-92805
-86496
-77711
-54472
-27891
74408
55145
-18485
23262
87649
67688
22075
28813
-87473
-77641
6652
32092
-94300
-39322
-31990
35557
18513
32598
-71653
37999
22629
-36482
-37927
26205
58784
86065
-44830
-11055
34118
86507
-16152
8614
-28085
-43563
-96300
-93089
-80715
-42976
16057
-93914
-97214
91836
-12355
18021
98724
40515
-20332
49650
6472
-57082
-64669
-2584
53156
-67175
-57657
29263
-92321
-61458
-66026
29682
-72621
-18682
69109
78784
51369
-83610
82551
14231
42919
82745
97067
-96912
72151
80980
-52056
56606
-52154
-16639
-79934
-69327
612
55319
89642
-12961
-11385
-96240
-73342
-42207
77588
-66639
34903
32744
-28344
-38141
-66778
5489
-3151
30798
15046
48262
-39599
5229
95697
-15208
-18976
87775
-56471
99298
-72165
-98430
-49527
-90257
-37211
69465
15769
92112
27017
75740
49240
64862
53864
11019
-86847
3148
-73802
-25906
13499
18548
36736
36913
89321
-9365
23977
-348
-76490
57315
-2292
18402
95754
75414
26896
20295
-17298
-74603
21889
-50966
-86550
-34417
87057
69454
97026
-59210
-32154
46018
-3362
-73408
38495
-54551
-32441
-18361
59585
606
-64132
80634
-94808
22375
-85513
58778
-55364
-22113
-26112
-86144
-87274
6087
92596
-62644
66333
52867
-34354
-78359
-45146
81679
50799
92307
17969
-43762
-18887
98487
-77762
-67493
-72594
8247
-32281
-6447
21161
-52624
36597
-9010
7760
10974
41558
-71630
-72916
-82207
688
-68411
52756
68150
-1879
-51745
22574
-61308
65037
21453
-83121
17384
-91493
-5515
28762
-87267
-36733
-65734
56231
59737
-7754
-70538
52312
65274
-1900
-65239
94742
-45744
33349
51891
-59522
-86567
15020
-98268
-86328
-52502
24550
51568
32264
8563
-80993
64521
-80800
-93984
44178
84430
-47398
-41630
-82340
-4379
-69093
-15767
30168
-51161
49685
57655
-17959
-46003
12917
-67086
-6935
-9296
49206
-56664
-15395
29958
-47518
-55064
-92926
50715
9973
-71182
-67348
43155
69918
23066
-63095
11381
-22489
28440
9575
47201
-92774
59114
60567
-67305
37417
86038
-34016
-41367
79931
9293
-57041
77478
97413
71208
-6728
6982
99270
21280
77365
-9005
-52630
1165
-41947
9700
22871
66978
1674
-8289
41281
-40401
5302
64542
-3707
-46257
18918
56958
20303
-51525
84408
81362
-73126
73617
-39093
82444
72184
-97495
-20695
74236
85536
-97415
83957
40392
-92539
46821
-27831
-30615
12362
-62289
26836
18680
94674
-43204
9028
37469
-54472
-70361
29088
-75412
83276
13459
-75560
-16283
-89794
-34328
-28390
-7003
15984
-4567
64229
-6872
35417
66397
-28408
-45976
36749
31088
-9388
6955
50087
50446
-38445
56676
951
-35805
-80188
88937
36896
-50475
51250
-79900
-50608
-62316
4594
-8958
27270
-93526
-21151
94092
-92372
-3311
-89111
-99663
44131
-44757
-25472
6567
39312
-44222
-73179
37911
-34757
-54030
-54524
10907
73225
88405
-40756
27879
-67918
32588
81621
17514
70987
-50041
73370
73336
-96258
-62947
-68763
36130
-73406
-4779
51365
-40699
-88152
67111
16789
-88198
65711
-24393
-6793
93672
-17044
-39430
43688
92697
1315
-33934
1833
46213
21555
80631
-33691
-12719
40465
45977
-80841
75837
18297
38342
33252
69691
66391
10141
-6115
-46018
-72448
-19660
-37232
44815
-95773
-3543
-53999
26283
70418
87045
85851
57428
7360
34102
-88748
-85719
7589
-32731
-83506
-11171
-22633
-31680
-53789
1302
69852
-3233
61130
-82521
32520
94405
89732
-83762
6710
46297
-55316
6214
15500
2096
-96219
-19290
21858
7451
27341
75732
61834
15625
98529
-44792
19668
-48695
-10093
43523
49295
-81181
82862
95838
89069
4152
-20472
-64671
-37661
-82673
-81031
54006
-71906
92621
-48420
-3517
82440
95987
23648
-13498
-40186
-41580
-74600
-97913
-43585
-86120
-10083
-60301
-43585
19941
4405
27486
-7346
-93997
-2323
-18162
63460
23871
69206
-49818
-98877
70010
-68564
-24306
39086
-85948
-62865
-15652
-42638
-25782
10390
-64961
9177
10257
-82645
-41894
-44997
78018
-5461
-78195
15102
66109
15261
34978
-9851
-34110
62330
92118
74110
-92292
-73622
53800
-54051
59143
79353
-65193
-96171
316
60419
36345
-59497
-4489
85373
74289
-57301
-30150
47415
-98728
-24150
-41659
-41976
60924
58018
71187
42292
86602
-70875
90401
63785
-54051
70104
-44186
26843
19344
-43603
-79206
-13694
60384
15045
67988
86877
47767
-24039
-63729
-32368
-60879
4633
-45046
-33974
63334
69924
74348
-35747
-67893
-79801
49539
61990
66415
29921
-36116
4426
-38567
92228
-94146
48138
-26231
88315
-23516
-54750
23326
-21116
20157
54054
78302
-31444
62439
89698
-11813
-93823
-57293
-80060
-1750
-39390
-14121
-16956
-54158
-35488
-11409
-34320
-25774
-51679
-19601
-45671
-15770
41786
-64694
79946
-29916
-77093
-72561
-34083
-38467
-36215
-62365
39536
75599
-15226
-23359
-37342
-86284
-3635
-58099
7295
41107
39272
11300
64606
-73271
-66417
-97894
72622
-83780
-88057
-1820
16183
32587
-83705
92243
-40051
69693
22537
-61882
95906
41689
76441
-75708
97327
-20857
88593
-86009
63888
-52470
-47736
23162
29595
92577
-57595
-11531
-73496
22986
59316
19165
-53134
-11786
-30912
82020
61413
-52101
27598
-99785
-86873
77859
-96607
57479
-83720
-18011
-14248
-71254
98549
-98665
-80812
-42342
-49227
74548
65667
-54743
-53607
-33854
36803
-35385
25470
62650
-91133
-79240
-27556
14579
-79551
68957
36311
10485
22067
90588
-68394
1923
94040
90967
-77906
-42185
-28721
68577
56212
13419
14045
-99728
58493
79769
91634
36033
92794
-1598
15243
-28055
32007
88751
-91233
72314
64373
69285
56442
11356
66609
23186
-70990
78867
-93270
11928
12167
-90170
-99054
-28747
74209
39190
90924
-88926
-41345
89202
-40230
76656
-86761
87282
-8065
92678
-35800
-1062
-3392
-91225
-15627
96074
65352
65427
64313
52380
-82440
6609
-12449
-4626
-48809
-34078
-59730
33113
-43541
-40349
90688
-86748
34391
-64266
7646
68401
39607
-88307
46222
96052
-4179
-98010
-70006
-46124
93737
-68841
-11770
66003
-34025
-12468
-40610
-89875
-87262
-70673
57060
51730
4920
23949
25373
-26396
3447
-48021
88350
-26043
-59874
-26290
86384
42137
-23493
73901
62346
39469
-94776
3705
-45925
17342
42161
98122
-49818
-38300
48463
27722
35115
-83746
-90232
-36178
-17525
-85517
-89884
28164
-16192
98449
-24025
-54475
-56536
-17581
-85124
-19094
32299
-93582
59164
-63357
42759
488
75879
-2277
-3882
84641
78634
-52898
69342
-70129
-67583
39706
-79209
93025
-80859
-68185
21207
99782
13465
-56578
-43384
57786
14610
-44025
59006
85443
51431
-57086
-359
28848
-25406
-77694
74377
75981
-1276
37789
-91761
11662
65484
-1517
36572
14130
-5278
-301
13191
23665
61446
-8811
39396
87530
48414
-90693
-62645
-43763
-97828
71050
8965
-99544
39464
-25499
50127
-27311
90931
23792
-92178
34833
-73778
52834
13621
71526
-80049
5550
90033
96304
-97719
61486
-11842
35204
-79167
-44559
-58673
16541
44911
988
-92634
-18759
70729
-16930
57001
97024
79171
-4502
-50668
91143
61701
-24429
-19310
-58066
-98897
39378
49392
-19762
31520
-7742
22899
-44533
58068
55178
-38720
27249
32371
-6583
18386
15800
95576
-76016
-91876
40890
-4765
9227
49358
18400
34206
51794
-29272
-81621
-90401
-94481
84639
-79853
-39210
34262
63667
79937
13438
98029
63137
-56183
-33512
26170
-3068
18630
-4044
-70773
-86294
45433
-49660
7782
34382
33904
30927
29108
-65551
67303
90102
-62056
83611
58678
-40344
-95683
-25667
-53502
95702
-5370
24189
-69080
84551
-81795
19404
5887
44567
-27659
-2640
-86526
-40864
67333
-93697
-72292
70568
97086
54992
-50363
17075
84127
-9990
74487
-72607
20894
45141
69788
67835
-9557
42909
9702
-66465
-26643
-29883
-33338
39210
5760
-18964
-89228
-67434
85694
61367
4624
-7872
-84906
-99370
-10037
-38401
-49279
-53515
97168
-47886
-21150
-6693
5013
63279
-14884
85078
61496
-95292
66529
14976
39020
-23984
52837
15265
56073
-67584
32743
81094
76079
29837
81871
23285
-9153
-31625
87749
-26725
-10924
-77473
65930
26065
98642
-56048
-64344
16972
-42245
-50743
-64066
82996
98055
9936
-41684
-49065
41668
-92375
-36137
-2734
-90960
-71368
-49454
85376
-40
-89409
-63848
7000
-65452
25396
-31304
-37460
71973
-26878
-31530
-4916
-54887
61322
-22291
50090
-56447
82908
45827
78074
77974
-36523
-45541
50756
-14110
43148
-73969
48996
-1225
79549
-50312
-49627
50313
91660
-2476
-41985
-23673
32325
21393
29793
98183
30135
-871
30756
12567
655
55441
70372
56474
-99898
-99402
-1273
-46036
-52268
79664
-72001
99761
9161
62236
-74828
5348
-53349
-98770
-78341
21328
20892
-81091
37247
-91518
-96644
73007
-57076
-3905
1205
-58828
-18457
-95527
-63388
1629
21836
51118
99517
75257
20520
-83986
-38053
8070
-50052
32083
3086
28747
44032
27648
95187
96923
-93439
-5542
-76954
-60374
26212
18952
-75936
23208
27976
91197
44657
5647
81140
-72120
4801
3268
-97090
31021
-78688
3715
32732
-70998
3927
92161
-82270
-81326
51885
55404
44762
-29358
47979
-31162
-88928
-58360
-2261
-51430
-32399
-84851
97387
61993
-4308
84324
-75208
-18941
26863
-52396
55633
23898
20510
-26012
28070
-71207
-8105
-12989
-64293
-17474
74600
88537
82166
63838
-92679
-96942
77084
45914
51086
48882
20660
-83925
99419
87156
75173
81676
36298
-69369
-68524
-21005
77637
-87018
-71781
28482
59746
-97639
72826
53912
-19139
-50663
95300
70857
8985
18203
-28086
-83535
-47274
-62172
-58075
25973
38398
-23637
-31192
-99503
-53394
-18283
89789
20144
-57287
-24550
47374
60768
65924
40193
35209
-50904
97700
85995
-72416
65098
34296
88745
-31203
69185
96540
-38917
-68653
-17538
95302
-37261
-68035
90170
37191
-44623
-81570
35681
-61617
16857
83884
-19118
6762
81081
36379
21078
-75990
76430
-74555
-76081
3283
-89431
-56658
-96661
25618
-17131
-91362
45110
15850
-60145
55036
50147
-77112
-27811
43453
28686
25885
-69949
18390
-44890
1733
-10104
-66222
-39387
22868
-56060
61481
-44049
59515
14082
53885
-39419
72702
-79425
-23398
-57983
92052
89286
-60223
-47118
56769
-66354
31388
-41092
74357
1771
-71964
-5512
69214
-56911
8130
-87085
-95450
-49843
15825
-924
-25402
86385
87211
28775
-75177
-24269
93664
42673
-64767
-95249
-23755
-66413
-21697
-53175
75880
-67629
73655
-42065
-14091
-67315
-75752
24716
-49871
-81906
91107
-50910
-50361
47403
-48504
44718
-66908
-85945
-45410
-70789
-90777
-41289
66362
-54738
-26697
-61635
11508
34870
-17998
72121
18323
-86741
9279
-32918
21586
48471
-5029
-53329
-27028
-58814
52612
-62024
79062
18162
-55081
-44718
-97403
23383
35513
-69147
-64179
-80757
83027
-48284
-64082
-1795
31040
64593
92057
-65271
6530
-22027
24019
18251
-42155
-62827
-71271
99645
7586
-44572
-25275
78003
-45989
96770
85037
5046
-74748
20169
-85490
76441
49613
-63570
-20551
-31404
98799
95819
92281
-54679
-71245
-75109
-83289
-2830
14882
-7745
42481
55479
86169
53143
-47287
-82289
-99724
90380
-40538
-20500
84542
-76367
-83877
18479
85295
13701
-20670
-55401
4842
6215
47513
51807
-19969
35402
56427
65266
24550
-4156
40124
-91765
81260
-80693
-38187
-49954
-3092
-94844
29524
47128
19207
68144
-62665
40996
49060
-40724
-89442
44905
57384
-39747
60286
-85547
-38001
52185
-83517
-9946
-49625
-4864
14067
-34900
-85491
-59920
69408
-84547
69179
-54504
-17837
-44611
96493
-956
23239
14379
32379
15879
-61549
33359
-70839
42149
-74744
25245
-44753
-15449
-89361
10198
73329
-46489
63136
-4258
43687
66319
21703
81465
77006
-38586
52954
-32173
50373
48973
-54196
99545
-59174
90451
81841
30707
-666
6001
-70838
67040
-83397
-47674
84199
92144
-73563
-57936
-17686
86696
-68111
84216
-20517
-27603
33098
30378
-85318
-40105
30384
-52807
-9432
-92701
20309
-8275
-70299
-78397
53127
64771
-72767
-7681
-46268
-85257
-76018
10520
-22875
76393
-20610
78924
-88220
76936
86705
89224
64634
-8519
29505
92886
-2255
70710
-46678
73371
-44934
16980
-51036
53898
37800
56946
-45237
34508
-23377
93498
88903
73941
-50171
75479
-41576
-46035
-96266
-7528
80988
16438
-91224
-88050
-93844
73285
-77800
-28359
33496
-67909
51445
88667
74587
19266
-55944
-56281
-42658
80736
-51893
-63130
-14233
-86512
48262
-34106
94924
-21198
-90079
-11140
-6691
-3750
-37193
-48292
42619
79043
59325
-20924
-69913
2833
74790
82519
87821
-52602
88996
-63771
-93026
-7987
51669
-97179
87250
-6320
11299
68094
-19730
5555
79928
-49874
-13645
-94331
593
24666
-31805
52920
2085
84750
-7202
7196
99818
-27265
55685
-45808
-51157
72404
91568
-14332
75309
-31266
-61730
-37629
-27131
-68416
-78640
-43470
45452
47763
37784
19108
92849
32053
-20276
-22564
-45086
-75115
-39752
-60085
-76292
-93001
-16599
21876
43118
-94099
-49163
-15888
-81826
90622
12252
-32355
-99902
-16472
76900
80676
-21016
-92624
-94576
-45955
39200
-76176
10031
36063
63089
-62612
-61677
-3205
-54792
-68655
-88882
51691
25145
93659
15309
-73153
-66523
75985
93979
4581
35632
-47933
-83323
72497
-59823
1261
31003
20277
-22149
-13738
-11245
36246
40522
-95042
68550
83329
39820
-93186
43630
-30058
-95930
-9187
-87959
3609
97499
-36708
7201
-17566
-84533
83485
-74489
7550
-72014
54632
87512
-12542
-65796
25534
97330
23795
-32668
99833
-22885
81812
-16886
94731
-56891
-59045
23708
41058
99247
-52466
67596
-40440
-93346
-5645
-46544
-44323
-46801
30111
-38730
-84017
-30449
-30368
27913
38893
83720
-6144
70615
-89132
-13956
-77942
71643
-69761
-66320
-2054
74703
3291
93611
-37506
98214
71340
-58682
61385
83679
59606
38714
-84448
-98437
97081
54376
-19870
70854
-49274
50862
-23641
19770
-53749
-69107
58904
-87963
-21420
74166
-77086
70671
22754
16156
33510
54445
-27168
-66369
41648
28939
26809
51964
-32152
-28740
-30978
35443
-33854
-28305
82605
-20172
48442
-32306
-22653
-30087
99340
54975
-44654
-95059
-74741
20
-2898
-88532
46830
48399
-77658
-68861
-81546
89718
-13701
-25806
-86578
42562
-62505
64118
-95592
-64584
-99478
95043
-6975
-10438
26415
494
-94088
-27679
-96542
-87226
-34682
893
3742
-36127
-54982
97882
-97496
14384
55016
95693
70944
-38909
-33547
-655
-52488
94371
74326
96385
63006
-20082
567
-45260
60031
-83416
46249
-59324
4653
-59431
88281
91095
-15030
-19403
81775
-15733
-53714
7556
24559
-5573
-58376
65948
21330
34684
75775
53735
-9450
-30973
-52123
-28952
-6970
-18810
-55792
-39791
70838
36701
49525
39119
8188
68823
-85678
69410
16786
-18163
-86487
-13626
-63941
-44703
-20528
2397
29664
-4173
-69690
-39276
96208
-95782
99200
61302
87740
40474
42097
90795
45110
-38024
-44148
8948
-69494
5312
32917
43977
-39147
-23515
-24570
-20096
30254
-59940
-24605
7713
-14695
59973
56240
46058
-73812
89735
40384
-4142
39815
-24763
-19917
-29327
14058
-67367
-50875
-60381
93002
48256
46857
95568
5571
90587
-73501
-10205
37581
99387
-8831
91643
-55219
83520
63927
-8509
34216
-2949
32843
66567
-61475
-12108
55797
69007
-88913
-44901
78206
27197
55697
-75580
-41663
142
41825
63991
-40024
3458
81762
-14979
-46914
-75875
52173
-57015
-26965
99826
-69036
-20123
-63486
81148
87710
-68364
53921
-59822
58333
2329
7216
-44404
-64955
-9018
-10557
-76048
46562
-21268
-46053
-42532
26594
-80902
60807
39743
12362
-62487
-47395
46911
-63014
-53477
-84344
-36526
49759
-20015
5618
91299
-2291
-15482
-15119
66717
-31817
46065
74628
2514
-8008
-69906
-99485
-26687
-89928
-77060
-75227
-64405
13544
58168
40861
36792
68063
59144
-95292
-28707
-60528
52502
63591
32233
46075
23881
-39873
-4976
28025
-53113
80278
53146
87180
-37264
-61334
91042
-95591
16214
-46887
92444
-50616
-71779
90106
-47811
48115
5962
29741
-27527
-15712
-72231
-91201
-47282
-85453
9004
43090
53416
-21314
11110
-2263
-13201
-82863
22840
-26962
-15004
-59285
-1192
-85377
-3137
-80274
69980
65305
-44515
89535
39116
-14586
-53057
67080
-50566
48180
40306
60035
63198
26569
-60409
-41880
-43461
-67864
10402
32068
-36816
-56065
-57406
-70224
41728
50312
55155
90355
-21974
42076
-13109
73968
80785
-42292
-33960
-12434
-61336
-45412
98764
-77069
46926
514
-93895
-23773
-92380
-15532
31636
-51728
-33135
90161
-43360
-79204
59691
5576
-28837
55921
-92433
51063
69074
80124
-64246
82142
-32626
-14931
-53583
-20362
-57138
24022
-3174
-2622
-21367
-51820
-15190
36977
-15567
31995
-1318
-2882
-45473
-77015
38785
32399
-56189
97669
97161
55755
31683
29625
36647
97042
-81384
18884
-76130
83511
-8752
52253
-62646
-27037
-54007
21245
-1630
41944
-86583
70910
-42983
-75149
-86864
23455
-47526
-69348
57451
-8771
-24078
-10362
16563
-2721
-82308
47987
58232
88039
84029
82044
34144
26398
-3915
-57911
43328
-75254
-68810
-6682
20153
-65197
-90252
-25355
59398
-66930
11708
62898
45667
30638
68744
83213
96558
16021
65795
60718
-65295
-64655
-31718
75282
-45208
-88815
90550
57949
87461
-27292
-49747
-66416
-87766
-36445
-64481
-13551
60738
63073
6755
15949
-46060
54542
18462
-40102
63896
-8969
31107
-97175
30492
40822
8461
33299
16969
-83076
-89408
-66462
-66396
29412
-25589
-23165
-57219
-82321
-57955
-29232
-25090
77854
-50983
57618
-14344
-68766
58785
58893
87082
23062
-42349
58025
32582
62934
4457
53902
15955
-44473
87310
-40344
1734
79729
-3209
38725
-85708
-78952
-36874
-69578
-62929
43932
-21020
-45285
-58783
58412
66920
83623
24202
-59059
70824
83028
-70128
-29094
-40563
62916
-11448
54304
-45459
68845
-47197
-32736
-89060
-57120
87285
69532
6895
57037
-58446
-1870
-39007
21728
-12310
61591
-20683
76132
39327
74969
-34976
6789
-36541
65018
14205
79444
82062
24490
-22777
80119
-4877
62157
-24193
38392
29481
95275
-94952
-38863
-70163
-77182
-26241
31837
58880
-68014
-10606
32293
65318
47972
65789
66348
48374
15740
-98056
-98968
46637
50762
-45959
59255
56775
-77206
34136
23946
-36821
71648
98357
67787
82685
88164
-81283
-84097
-70686
-9474
87584
29857
-29984
-68449
58440
-77971
66731
36780
-10585
-5774
-57134
88778
-94434
45147
-57093
-8122
89688
23160
34720
-35195
-55029
63823
-78821
85339
-61183
14912
-48026
86236
73623
46523
6611
-65143
-95467
90252
-59845
2088
63118
65671
-13571
-62462
-50178
-44253
96322
29456
-94110
-68041
95927
-88047
-97533
-32657
39208
30324
-73415
-84358
-54579
-23715
28799
-66232
48855
-51319
-284
-56204
-31746
43715
70706
6559
92646
-45469
-33762
-85460
7467
-46536
-861
69730
52902
39196
98187
60953
-84122
83845
70065
-26097
51241
-29800
40515
-36731
-41066
88881
-8369
-33522
37218
87701
-13541
-92077
-94502
-88133
41062
96122
63365
-90072
-53299
-45343
52504
54609
34261
-97849
-27013
17114
-70533
97354
12163
54268
22934
16523
87368
94732
-48138
2321
47181
-52032
29055
-87900
97312
-27364
98776
34550
-57204
31714
-31232
-13996
95426
-5396
-38475
70842
-34391
-43629
-29910
77211
74352
36363
-84324
-48718
-19328
38257
-68544
44110
37249
39237
-39118
33511
75794
22945
-7018
68751
-21246
-8092
-61591
-45856
87949
-3652
-80535
61064
55613
-54936
87119
76631
34263
91861
24341
22025
97709
-10737
-42009
73561
53711
67488
-52135
60850
26923
31736
-3729
-33838
5583
-8246
-44282
-54271
81362
-69433
8030
-94109
71288
59224
-43104
6793
-77016
-53186
-33160
14302
34927
49885
-12262
81069
-48106
81915
-4105
-23731
-84663
3210
-65847
56162
5737
37535
-26202
-49207
13520
-52691
-51366
-18090
-13415
90635
95906
-54507
12471
-89794
-19880
-61068
-84012
15751
7092
52105
63016
81897
-12595
83560
-98236
88575
95310
78613
91704
-29682
74386
-199
88457
-68478
-45003
-56484
-70780
92501
53874
-98219
94076
-78755
-4074
-57462
-2995
-57058
-90197
77428
-96537
83554
-86015
-3302
36903
8451
88585
-58404
9877
-82774
36464
87699
38002
34895
-96259
-61216
-9699
-14052
16423
67145
-87933
-21723
3749
2217
74765
77103
25753
-23957
-39599
33163
37481
-9467
-38493
25512
-48605
-21526
-45620
10342
85550
46159
29688
86729
-98780
-94248
-16489
3211
49577
68237
-29901
-65060
-3737
13275
-60320
38441
-39656
-93382
-3988
-39396
-57729
1292
6581
67791
-8165
-32605
-61319
-60357
5230
56564
-71224
64157
-59412
-61713
-12915
93929
61434
-834
65033
94207
-91787
59431
33507
44544
-22035
-40441
28223
19959
15238
-70052
-98376
13230
-16458
-84794
-81939
-62972
50534
42415
93864
-10415
-80734
-85121
-45048
96439
10642
48071
68896
27493
39572
-53143
-6
-59981
-41392
-58373
-99913
6068
39906
60582
5731
-11126
70265
89282
-73125
-76773
31844
51008
-78418
7391
-52380
-13878
73171
-1442
77330
-76006
-86784
47322
38022
37992
-94842
-59038
59605
70
-3644
41373
-24095
23338
91254
76771
-35381
58865
-53842
-17384
35393
-56439
-3019
-46503
4430
-43501
29346
44584
33913
55434
-39043
93526
-63295
-96007
84852
-12837
76942
-52480
-36908
-10373
-30965
33482
89861
83124
-50942
9600
-40892
-7652
-99782
-2839
5876
-56408
8655
-33974
-51967
-13973
-83203
61933
-92556
85489
-3613
-61434
24418
48660
-42084
-67667
-65448
-40010
92973
-10739
22977
-1841
94740
-52855
-16901
46432
69624
10317
41358
-58690
21597
28275
82767
5576
-58545
42114
33074
-20414
64052
-75108
36750
-92676
59376
-8972
6421
20648
-59819
38231
-14719
-63397
-78899
73932
-62558
-38283
-12513
-96760
53197
-30655
-53616
5283
-3091
22956
65577
-20791
-33202
-57416
-73380
1850
31153
96522
-29690
-69960
-99114
-1883
72740
77606
7543
71890
63757
-4778
-86503
-57262
98935
15311
-97494
3976
-97553
-86675
76570
26107
53105
66132
-31270
56562
17376
-86267
5512
25807
-74226
30395
-72487
74274
63837
65964
85194
-28658
-39321
91128
-29064
-27638
-84773
27380
49550
67123
-36969
-92591
7224
24635
-86142
78623
5629
45076
34100
80199
93791
-8724
93964
-52384
-3559
15311
-98429
79574
52306
-67497
-38040
74058
23141
39105
-48148
-42370
-34387
-79236
18384
6244
97031
83828
81107
-53889
-24798
-90667
-44506
-64488
-42474
69637
-36437
14298
74928
-26686
-88923
-41965
-37714
78858
-78849
27013
26152
29812
97258
-75464
42681
95455
-29966
-68095
-31835
14947
-21041
52236
8790
79127
76304
63983
5763
87964
26504
4979
59795
-91526
2448
4835
-90737
-27656
-73889
9718
612
-14575
-85608
-74891
48596
-21644
87407
-44785
13836
76357
-56297
32897
-78856
32263
-17781
52913
-76395
24267
-64984
-17294
71778
-53728
73908
77194
-76850
-76097
-74891
5462
-79572
34703
-45826
36996
47018
44380
-85208
9654
42195
5867
-18602
88605
-67342
-44575
-15248
38887
73713
-56844
13677
-76186
-67579
90161
38562
81445
-87958
-79256
-6162
-8208
-49890
-6568
58568
-82699
-80050
89180
2627
-88460
-7826
-88675
15799
70536
-78381
-71293
-89397
6721
51346
50006
99864
1917
-28608
-26380
49455
84617
3282
99687
50896
-44906
-86508
86175
49894
14296
73514
-9366
-55346
-83584
29999
64921
4240
63398
30665
-93462
56087
-12187
-46759
64622
-3904
89460
-18550
18691
66895
-32458
85786
87131
68224
-29800
-73686
-59023
-88816
-50195
27549
-61196
88114
98412
23749
61317
-65943
-29510
490
12893
-2925
59391
7628
80870
96668
-8413
42560
44680
-88867
68282
21736
-18032
-98897
-86519
2801
48533
84275
-92943
68940
81292
-8573
74070
39152
1218
-93444
2972
27861
-27082
51861
-13566
-52223
93994
-96321
-91444
-61291
76204
-98875
75432
-84725
-92730
97699
-48681
-23898
31627
76965
-84997
14066
-5051
28694
-92722
98231
49499
-91917
39682
84788
49466
-60834
-36286
-56994
53915
-18669
60972
60734
79297
-46633
-18830
-85050
-74938
54096
-27446
93310
-72474
71448
39566
16150
79833
61240
-88495
-65257
99010
-76628
-34859
42037
-81875
-15755
-1436
29110
-55644
-66135
-36163
60772
-79316
96424
-50341
-89083
-8899
-67459
-92498
15709
-60019
58089
-18269
-36658
-25670
-64144
85867
-85078
-80642
-36187
44815
-8923
-43028
3408
-16573
-69572
-74962
-43089
-88162
-86023
59659
-38878
1339
61302
19879
84455
-45711
64671
-11064
-13654
-56317
16295
-63145
82183
-66540
-67690
53440
41188
-68703
80938
-35770
-58670
53907
64392
-77683
56665
-53835
14110
46906
67580
-55079
-9482
12117
12841
50427
69549
4970
56467
41993
97306
-75588
-36646
-31403
-7840
-91960
76558
51340
-76223
-4421
-10183
-29800
-61408
-80710
-98018
25761
67574
-24618
-8503
-79036
-87658
-61348
74310
13219
-59644
-10616
-20872
-44949
-34106
-74469
-46996
28445
35406
-67729
4826
-90567
99574
25290
-45418
-30498
-53606
11419
23408
6618
42577
-86362
22255
32241
-94624
25273
-17067
37738
-67867
-31036
-26409
-96490
78642
90938
-19546
-84960
39903
2263
-16225
56615
2157
90808
759
-40230
-99960
-70248
29612
-52237
-96318
-55582
-76055
-22732
-80086
-2587
85321
-94545
-80432
-70551
-7529
-26738
-23993
-77732
-77276
-52802
-26848
-93208
-51656
-65522
-24994
-13499
-70803
-72888
94042
60767
-96103
24277
96893
47408
99025
67032
-23798
66999
14106
1931
31687
-65007
-99961
8047
-67612
78958
48968
59338
-55081
-37464
-33461
-13861
-86958
83896
-35558
-45142
24101
-88469
-27949
-68184
-83583
-11084
-62252
-25671
-39130
-89881
-30607
9703
98166
15242
87140
96637
-96801
-45155
-69367
59068
-65638
-73794
95161
-25315