-87225
36881
3932
96348
-16206
43751
-57946
-11956
83010
86334
-36012
70586
11565
26338
22229
-39827
96562
83053
-98768
81480
18824
17997
-56044
80662
-52559
14710
-73222
45827
42549
-90815
77595
-47097
21985
95481
-26697
33791
68111
80336
62465
30316
50237
94835
-24247
29953
42682
89217
31549
-63945
78867
-49820
-97696
-2616
-47664
3182
-40697
16582
19050
54336
-1919
56065
-58966
-77358
45139
-29548
49078
25819
86779
-70390
80108
-20732
20613
-46956
53240
-47366
-44874
28863
-14817
75584
69013
50256
28842
15066
-75241
80082
-84623
15689
22455
-10730
930
-41067
-77449
19968
14685
79774
90644
67125
-19022
-37231
35593
-39410
-94267
28194
-49547
28245
66606
-52169
-74731
-85939
70609
16061
-33695
38501
83225
90084
31278
9769
-39685
-24493
16400
-40098
33691
51784
46280
-43874
33373
-60294
73296
-41230
74727
-69414
51503
4864
77193
-47910
-48391
85095
-57933
23959
33749
79069
66768
13045
79744
-66698
4987
-44356
-4796
46100
86784
-92589
95539
69002
52643
40832
83515
9254
-88751
-45178
56782
78438
-66227
4039
51255
-41193
79066
-38007
59255
13704
-71516
31638
88337
-38199
80282
-74493
-52957
56915
4388
72447
-99274
12072
62762
5455
74897
19289
-60361
-81870
75761
87030
-60913
-75928
-14426
-90966
-64285
48286
-59992
79424
-36171
43888
5428
14724
-53616
-44293
21746
-5545
-23525
79673
17801
52903
-81982
-81506
-63563
70645
-52903
-62571
72376
-43459
-29123
35657
-85787
-95765
25088
-37145
89972
53010
54988
-57969
-99935
12489
8786
48638
48567
-58508
47716
2561
59880
-87094
-37132
35962
79535
-73992
-92068
92796
58234
10206
-71316
2811
32047
97149
65184
-8915
-92848
-15925
-67273
55607
55268
31717
35366
-82670
-621
-26967
-8864
-95196
1401
-36754
49298
-25727
-71008
24411
-24294
67132
-35008
51241
-62544
-33514
-61494
-92981
19475
28884
-73230
-43649
95588
47797
-96373
-95816
58153
-27506
-1976
63366
78749
2741
46201
-60404
24173
-14260
50264
-71202
48167
63373
29703
-27449
-22367
63280
30554
71464
83817
27279
-69113
-33998
20758
-81578
-10380
35255
-72502
-68572
-33591
610
-40405
27815
14216
-15810
30676
89348
-10304
58445
88236
97222
81727
-68415
52579
1532
-63081
-91697
-68821
63032
56051
-4004
-62947
-34224
-92347
89149
-14206
-17407
13422
95443
-49805
80705
-97832
65168
77274
-316
-94603
-12763
10070
-91298
53794
-50655
-89267
-79692
-82754
-1179
-35100
-10229
-48620
86262
-29384
76114
67446
-17411
-3574
12714
-66448
48459
72005
83005
-55777
27744
57280
-80113
-83093
42731
74684
17218
-95178
59289
-81466
80463
17268
37386
41436
-51356
-56290
57341
41062
-52404
-58620
95957
-95074
-50691
-37079
96719
-48055
-29529
64702
-19080
72746
-88789
92548
-42449
-58184
57411
-401
57440
52083
-89716
28573
-1837
-4337
-46243
-65291
69154
94806
31703
-11207
69653
-47067
82448
-34244
3005
24952
-72349
21111
45243
65147
74079
9088
-82898
-53544
-30716
69142
53938
-49510
52718
25501
-86032
-76479
32020
-3257
64370
-47582
19105
32172
-61004
-68588
-62936
63355
-27256
-68365
99536
60476
-27934
69707
42021
-33986
48853
23114
93216
5740
1811
-69385
29415
87815
-37304
39715
-47949
87162
4358
-98592
-14855
51286
-60497
59718
93966
53850
-87380
-2730
-92595
23992
-89578
-24457
2572
-65014
-77909
86837
-71782
28631
25913
-97899
72169
73800
-19490
99938
-2416
-40066
-91889
-92083
-75324
10943
97687
13050
-1913
-55571
94018
23849
28370
37765
33510
33136
-46883
-58353
64353
13464
19456
22084
-38103
60332
32646
75394
75367
-47112
-56509
-34890
-6042
33835
10817
-1528
82384
-59218
85041
60682
73834
-27597
-48984
-16775
-34067
37405
-71822
-79871
-29607
-48831
96906
-29878
54120
-88799
-74822
-8313
61401
-26503
-23574
-52811
-92037
71934
-72192
76632
-32177
-71948
9581
-17630
313
89557
52572
48070
-58873
-47001
27664
34973
50336
-58667
-61880
35632
-28125
-18987
-11570
99341
77008
24646
-93385
68672
33760
40405
-51531
-91910
-53520
-45069
-38563
-43809
-87175
16641
13307
-17239
-74182
19099
-60761
-1528
86515
-4254
-56535
44765
-22961
95557
21966
55463
98849
14044
-95966
75398
-62015
288
-25966
92229
1674
25973
-1516
53744
55241
3380
-44991
20703
-48480
52236
44690
18416
38598
5201
26561
61833
72332
-48971
-45358
-815
-40372
99782
-90508
-36086
34836
59344
-800
-67526
96421
72775
57780
-63826
21249
21708
-58829
-14927
74676
63734
39084
-6561
79987
-20653
-34199
-47133
64021
89346
40195
68732
-73959
-72926
-73224
30112
79418
89723
20782
95518
-67712
88597
-61912
-90678
-5706
82035
-47855
-38212
52400
-42366
-65508
-20646
86907
-88747
35974
-69638
16232
-42046
-30679
-70289
-51913
44901
-12729
-87687
21170
75243
48882
-17328
42727
21727
3665
-64465
-17245
94282
61565
-42298
-72647
-55166
84430
-90507
-29941
-73075
-46999
23711
51407
-24421
-68769
12978
1444
70430
26164
-64690
-88918
6582
17755
68047
-1325
83000
-13590
39102
80542
-74008
-30776
53411
-82569
-88618
10397
-72513
-47490
-31855
-12319
70910
-5473
-74278
51207
-5406
57186
67548
-41782
7470
-50776
-95418
-94462
-72980
16405
-94164
73407
8532
77670
-36955
-1108
-25611
-68018
28131
80
97611
-21088
-30055
-73273
-88944
57875
-38865
-36534
-25799
-2606
96686
-8809
-53883
-92760
-66012
-11805
76833
41539
1190
-8900
45760
23795
-8276
3616
-29608
23892
83740
98380
-80103
-39991
-2111
-23446
9402
-12599
-42658
-17376
40612
12827
49743
97180
-4917
-57614
55752
-27815
-29298
-20862
-98370
-9978
20501
62661
88099
58919
82029
91846
-5101
84502
41734
47639
-78567
51042
68494
-38897
-52214
-83408
89215
-140
-85786
-80737
-9495
-20809
-59257
-86683
-48422
56879
-41528
78668
27721
42723
11818
-18064
67029
65347
-13972
26090
19721
-16718
992
22279
32418
-67236
-5976
-91159
-58425
-4794
-54683
-12407
-47190
-66741
99186
-53507
-99104
-39942
-16641
13425
61512
48498
-84336
59538
-24432
66069
63077
-46353
48271
-32971
39547
-47621
-46760
-70871
-17333
-20639
22969
-17294
91293
11067
19513
78961
81509
24184
-76687
63109
-91446
-90421
-68907
-17856
12810
-80193
-20881
56352
75
-26879
14454
98184
20426
-25225
64363
5223
91557
8817
5011
72453
-25758
35271
-33338
4238
82039
11455
-87805
42616
42234
-14611
-47182
-66699
5197
77329
-4675
69722
-54349
-64699
10377
68502
-64633
90802
-21890
76605
55136
46021
-54069
-30550
64185
-58139
-65415
41041
-58568
-47065
-80201
-4976
45463
40752
-39323
61653
-27171
46855
-76112
34064
35346
35058
-32888
-65600
91847
-97794
24812
52526
1357
47441
51332
24196
-73777
95408
-65390
-86543
-63866
93742
88392
-50404
-91168
49000
-44087
-57661
46141
-96728
-60301
-24961
56254
-49199
91990
93865
-13394
40900
-44409
8855
-35337
19402
79216
-30709
98495
-33144
-20724
-74959
79136
-20229
-27511
7391
-86590
-9559
-8274
2822
-41541
11898
39757
-51129
-6007
91233
-74374
-76136
59995
-85009
4589
24546
71649
-50416
-37669
95239
97371
-26617
42223
-95511
30961
95367
71402
-20737
21384
83119
24190
27613
-37102
-59792
63019
8081
94004
13459
91416
35329
-21119
77380
-71229
28954
-47039
-10524
-9948
92441
63841
56662
35858
88863
-35698
-11116
49254
-76150
-12848
-36152
-36168
-16245
48222
12947
79687
61125
-63285
74021
-45251
53984
-54766
82055
39836
50094
76258
40490
-30016
-25399
-22924
97098
41107
14294
-31532
-89963
-55802
-59653
71358
82302
75888
22667
75665
30210
7654
3737
28938
21965
26026
-38381
-79681
70414
710
76285
-1313
-514
17795
90454
25679
37723
-89896
-26515
-86437
-66621
14346
17704
24247
91618
35770
-91285
16107
10840
90796
-17931
-88903
37185
31502
20938
23229
83228
36217
67221
-21589
-51569
5837
66954
60101
-21855
2757
54138
-32177
-12005
-47103
83025
-88840
-22449
-57387
52411
-77182
-71365
-32377
-85853
42100
35680
-19139
-19217
-482
-46426
70766
-38978
-84577
-84000
-84855
96448
20985
-13076
69847
-28405
85900
45074
-38357
-27371
-67478
-6996
-90719
33165
64949
-52737
35726
-18714
-14390
27579
-38615
-94066
86130
68773
86500
77789
-70279
27069
22186
28026
-88315
-22240
-56864
-86383
48241
-69844
-72027
-21243
47218
-93935
72969
3599
-85397
97687
92330
-75718
18380
57567
77561
13740
7178
76465
-6253
83224
51643
28689
-46349
85708
18984
-44082
-5901
-47484
-7528
-83153
-45697
69162
-93978
-40542
-14777
95689
17499
-36703
34868
86434
97316
88128
955
22510
-55425
26871
25089
86622
81647
-33179
-77995
26278
59801
-67238
-29803
56393
-72165
56647
-20710
32318
43850
-95449
86037
-13664
56858
87951
13145
-42517
-4671
-3058
-91345
30879
85384
2821
23518
-13530
-46972
-54575
3773
-43414
38298
76242
58998
78448
98742
-39360
1261
56031
-26545
91832
-24990
79324
-88961
83629
-83597
67952
-27025
78631
-99801
-72966
-86257
-24167
-62540
34653
34034
-61201
35488
88258
-88479
89575
7045
-34889
62958
-84105
73148
-28895
52289
79873
11900
78810
-43544
56399
-70644
96340
19797
45813
-98125
65793
-99545
58668
-83265
-92989
-56038
79321
9873
43191
-43068
94097
-90422
24414
-73216
65935
-83609
78926
-51530
12611
81658
-40616
93328
82355
47255
-21660
50793
8929
60074
27025
-39709
11455
-4400
77561
65395
52169
38922
-40395
-5553
-61409
-23904
85924
-57650
30088
40410
55939
-59966
68977
91846
50372
10027
-47093
-34546
44089
-90503
-28673
-4589
-52541
18989
-81822
-69717
13370
53966
-91375
-5635
11845
11432
35036
36918
-51988
9308
83222
43000
86712
81745
-23966
-68418
6934
-47773
-27291
63217
21250
-41084
92765
55681
19117
-3095
-2558
-48447
78776
24002
-72285
90871
99597
66704
-87845
-35220
13442
90887
-92452
21945
-42086
-51862
-75280
873
-26467
99952
-78680
-41147
-53195
85471
-64398
-33491
-46609
58584
-29505
-15915
21693
52655
-11923
-81552
38866
-76668
99805
42516
-60639
27316
82758
17564
-96132
46502
33039
94950
-19645
23930
-19587
-14511
89226
-7203
60094
77062
12445
-78817
-97175
-18219
-33358
39587
-27558
-27804
37815
-59450
-76052
56621
73247
69714
72871
23837
-51263
-44640
84476
1879
56702
-81002
-44685
-17920
97986
46816
-19908
13622
92148
-12036
3048
-11
-95867
50628
63189
-18311
-84682
58167
-41590
-75643
-51859
-34029
55654
47274
-97778
35141
-8931
25873
37646
-78156
31772
54456
-76369
-87771
-80375
74531
-42520
48502
60119
-1380
61911
9379
48044
-98531
54340
-3669
-89974
-8247
-75305
43861
84508
46461
-10661
15834
-32637
6586
-18854
26820
-36651
-94687
-90634
47815
-39729
46934
-8633
-94714
-6487
45680
83535
88740
-42796
-5327
-18896
-59093
-16424
93158
-7766
-74203
50485
-3613
-4970
-36596
18774
80485
-52723
-22817
-75535
87655
85607
-57459
61537
71522
1013
68556
-28717
-17569
2851
-14983
-54346
20788
9620
75442
21752
-66687
-76466
21083
-6538
-95035
30440
-17580
-2419
4150
14001
36927
-78414
-86153
64538
-39221
-44822
39134
59702
-18802
-82636
40306
-43185
94703
61396
-62268
-49241
96553
43472
4093
-17173
91805
-35041
-15206
59195
30190
61614
96658
56347
14104
85201
-18608
57842
62435
-21038
19965
-2941
53367
39253
-66163
40514
-83284
-39682
-82422
53180
16858
-91154
-88795
-62902
61607
-88891
78318
89892
76288
9370
64580
-35507
77385
68349
21678
52153
16976
-43035
63522
-9064
-83306
-75652
-44828
10649
62416
-42371
-31245
12928
-38062
49695
-34019
97295
96969
57137
84133
-98041
6062
1750
-69249
8214
86391
40203
60625
-2937
-67901
91094
65442
69478
-33540
22681
-70455
36663
-58187
86949
-9736
65954
-21927
72256
-95514
-9614
-30284
-12797
-81438
54202
97952
-25378
-80216
26839
-40886
53471
30838
-8615
-22827
22002
-94947
-58659
-24251
87986
85180
-55585
-70361
96370
-20867
-54270
79400
-9750
-67278
88801
-3002
-64290
44640
-33742
-41340
7745
-14130
42856
-14004
-13851
33866
-71283
-35161
-34027
69208
43882
-3653
-20318
-63938
15964
-14608
-11681
-79514
-13686
-44206
-41592
87666
87412
7530
96248
7100
-53875
9366
65907
-93062
40774
90931
31454
-27085
45432
-68462
21283
14081
-61103
64683
-4499
-51772
-12652
96301
88162
-88676
32178
84728
23044
92616
-93106
39581
47007
-68173
-69720
64918
-73528
-63302
-6704
-51185
-16902
-6788
-91934
-11541
30770
-23822
38
45473
-55778
46457
-70750
-95916
-69896
-87212
91592
86741
84709
-90175
37278
1180
10629
68162
-28370
71811
97587
-61185
-84231
54805
1012
76073
8278
33000
52484
-17889
-29864
-34718
-30712
-59564
-55188
65022
5217
42801
-26378
-55668
49727
-81613
13295
53021
49611
-15630
52712
61774
98188
10612
-61832
27119
-69359
17534
-77454
68540
67542
47295
-7304
43278
-69026
40632
69499
29934
-2775
30094
32294
-54496
-48236
41486
8841
-65116
80340
48342
-92213
69063
23833
36155
46011
-51637
58385
27366
15555
38697
71118
61905
79331
-85075
-43022
-79964
74854
-93003
-88272
97459
85688
11508
-40635
-57669
10038
-7717
-57747
-72692
32605
-22253
-91082
51536
-43047
-74256
-74545
-53414
-27188
-87951
-43217
54024
98721
-33306
-93287
18466
-62570
-21077
-62661
-90919
74570
15384
-66868
-99254
54460
-14226
-21735
74780
59524
80464
-23372
-85821
55151
-6476
66542
-43748
-6251
62597
-84228
95906
-64144
19467
98219
22590
83228
28997
-68549
69970
64554
-20637
-84532
68238
-22449
-14922
-50808
23882
-11843
50058
-60530
677
51948
38209
84655
-43210
-14979
87263
-16919
-35689
-36116
-10871
54229
69057
-91507
-50957
-24437
-22627
86557
73417
-27888
-19656
89149
17753
17599
-53432
56975
73491
-42068
62898
91114
-16142
-48816
-74291
34831