99630
98697
98627
98568
98063
97652
97446
97245
97020
96683
96580
96421
96387
96023
96011
95563
95251
95231
95215
94936
94899
94818
94504
94333
94198
94048
94006
93956
93906
93618
93575
93481
92845
92754
92601
92524
91647
91530
91464
91351
91350
90563
90253
90146
90097
90064
90034
89410
89331
89134
89064
88988
88860
88615
88459
88289
87684
86785
86653
86616
85655
85350
85328
85119
84830
84315
84176
84151
83929
83922
83409
82904
82882
82464
82436
82064
81734
81579
81577
81479
81417
81413
81237
81206
80983
80934
80842
80820
80705
80634
80634
80464
80427
80144
80021
79866
79602
79557
79542
79503
79475
79341
79329
79080
78886
78756
78519
78388
77833
77802
77761
77759
77075
76930
76234
76148
76091
75888
75381
75267
75262
75208
74906
74856
74790
74544
74289
74253
74060
73844
73797
73630
73543
73097
72778
72503
72408
72265
72151
71952
71852
71026
71025
70611
70474
70441
69849
69787
69576
69454
69412
69236
69208
69191
68959
68510
68091
67917
67707
67574
67525
67070
66999
66814
66649
66530
66475
65789
65482
65446
65369
65234
64913
64713
64543
64375
64325
63994
63597
63410
63045
63029
62391
62291
62265
62071
61863
61747
61619
61265
61166
60972
60561
59868
59446
59434
59195
59040
59005
58874
58821
58671
58583
58096
57821
57385
57360
57340
57050
56878
56620
56223
56087
56085
56018
55851
55435
55393
55287
55260
55121
55025
54909
54763
54570
53896
53823
52317
52221
51746
51601
51438
51293
51207
49922
49904
49265
49253
49121
48959
48643
48471
48416
47987
47587
47438
47437
46900
46478
46428
46350
46345
46208
46160
45798
45753
45744
45667
45459
45340
45035
44652
44496
44130
43890
43682
43646
43062
42900
42835
42662
42645
42552
42302
42296
42186
42030
41961
41866
41535
41404
41250
41232
41158
41151
41129
40920
40898
40811
40776
40689
40544
40452
40404
40287
40058
39244
38454
38306
37976
37562
37475
36925
36910
36881
36747
36582
36527
36380
36056
35787
35772
35724
35078
34788
34723
33936
33860
33797
33787
33693
33518
33367
33346
32998
32402
32283
31845
31599
31353
31321
31172
31060
30913
30858
30626
30579
30421
30370
29568
29505
29072
28821
28501
28483
28368
28294
27802
27772
27607
27263
26979
26912
26733
26732
26499
26279
26101
26030
25930
25728
25545
25415
24706
24490
24419
23973
23935
23833
23726
23678
23545
23531
23460
23459
23278
22913
22755
22585
22515
22086
21680
21588
21457
21185
21092
21039
20376
19948
19728
18872
18721
18606
18393
18386
18089
18061
18045
17939
17859
17804
17590
17491
17267
17149
17008
16640
16240
16039
15788
15773
15753
15460
15427
15263
15181
14931
14796
14695
14664
14619
14346
14260
14022
13958
13951
13786
13674
13498
13414
12906
12765
12721
12660
12624
12298
12083
12074
11911
11237
11233
10241
9263
9052
8896
8722
8659
8456
8452
8312
8156
8076
7782
7716
7539
7358
6989
6855
6622
6366
6173
6111
5891
5885
5738
5732
5586
5572
5360
5268
5261
5205
4707
4639
4327
4140
3933
3860
3762
3514
3514
3225
3137
2945
2914
2551
2075
2038
1927
1897
1661
1572
822
756
497
405
-231
-291
-605
-657
-763
-1048
-1168
-1288
-1717
-2102
-2138
-2306
-2316
-2412
-2450
-2469
-2563
-2897
-3018
-3220
-3405
-4052
-4594
-4702
-4862
-5774
-5875
-5886
-5986
-6485
-6801
-7395
-7596
-7618
-7650
-7666
-7695
-7840
-8091
-8287
-8380
-8817
-8944
-9064
-9096
-9330
-9540
-9710
-9950
-10086
-10225
-10258
-10381
-10554
-10570
-10776
-11700
-11778
-12187
-12334
-12381
-12536
-12597
-12636
-12830
-12868
-13096
-13232
-13310
-13391
-13614
-14441
-14454
-14497
-14567
-14733
-14907
-14949
-15024
-15197
-15346
-15580
-15670
-15929
-16101
-16115
-16221
-16261
-16276
-16491
-16780
-16853
-17312
-17433
-17457
-17520
-17575
-17778
-18294
-18596
-18669
-18740
-19210
-19231
-19574
-19755
-19810
-20361
-20542
-20650
-21523
-21561
-21644
-21925
-22140
-22228
-22468
-22529
-22586
-22763
-22831
-23130
-23478
-23563
-23648
-23853
-23974
-24419
-24640
-24790
-24956
-25037
-25231
-26157
-26700
-27027
-27065
-27314
-27404
-27461
-27476
-28081
-28144
-29000
-29392
-29396
-29518
-29694
-29694
-29735
-29858
-29866
-30333
-30669
-30680
-30699
-30866
-30958
-31025
-31108
-31136
-31268
-31433
-31455
-31675
-32062
-32282
-32445
-32544
-32562
-32648
-33008
-33055
-33347
-33500
-33663
-33757
-33868
-34553
-34685
-34707
-34954
-35087
-35301
-35759
-35841
-36212
-36480
-36877
-37104
-37121
-38058
-38289
-38884
-39106
-39127
-39470
-39481
-39519
-39552
-39915
-40093
-40100
-40690
-41007
-41332
-41704
-41784
-41983
-42340
-42504
-42890
-43086
-43255
-43298
-43597
-43624
-43739
-43964
-44130
-44299
-44510
-44614
-44658
-45641
-45700
-45717
-45778
-45843
-45924
-45983
-46197
-46203
-46326
-46462
-46505
-46840
-47522
-47528
-48045
-48135
-48361
-48425
-48505
-48809
-49033
-49166
-49261
-49389
-49467
-49642
-49658
-49975
-49996
-50164
-50409
-50435
-50550
-50558
-50657
-50663
-51292
-51461
-51882
-52235
-52249
-52386
-52617
-53248
-53557
-53740
-53824
-53937
-53975
-54097
-54442
-55022
-55283
-56161
-56365
-56430
-56811
-56894
-56897
-56987
-57008
-57786
-57852
-58209
-58310
-58860
-58879
-59462
-59628
-59732
-60167
-60512
-60702
-60822
-60933
-61253
-61278
-61373
-61387
-61575
-61803
-61873
-61965
-61998
-62577
-62917
-63691
-64176
-64339
-64489
-64629
-64824
-64985
-65164
-65470
-65782
-65851
-66418
-66612
-66636
-67034
-67057
-67179
-67249
-67432
-67515
-67704
-67784
-69232
-69244
-70205
-70474
-70526
-70728
-70827
-70844
-71082
-71331
-71583
-71665
-71703
-71745
-71994
-72391
-72573
-72897
-72943
-73100
-73186
-73611
-73637
-74215
-74697
-74735
-75314
-75458
-75582
-75868
-75970
-75987
-76200
-76346
-76546
-76608
-76707
-76869
-76878
-76928
-77645
-77723
-77938
-78348
-78838
-78898
-79433
-79450
-79603
-79855
-80053
-80066
-80143
-80305
-80580
-80741
-80754
-80917
-81121
-81316
-81548
-81948
-82129
-82184
-82335
-82920
-83401
-83428
-83607
-83737
-83846
-84033
-84107
-84406
-84627
-84760
-84798
-85262
-85300
-85335
-85471
-85586
-85700
-85740
-85908
-86059
-86079
-86119
-86153
-86339
-86530
-86547
-86553
-86579
-86601
-86776
-86781
-86807
-86856
-86902
-87089
-87152
-87162
-87347
-87350
-87809
-87946
-87977
-88217
-88443
-88556
-88639
-88739
-89000
-89414
-89770
-89825
-89875
-89910
-89932
-89944
-90094
-90183
-90328
-90605
-91466
-91582
-92155
-92352
-92673
-92736
-92800
-92923
-93081
-93235
-93456
-93905
-94202
-94264
-94574
-94797
-94898
-95658
-95863
-95924
-96352
-96712
-96742
-96816
-97002
-97092
-97243
-97495
-97566
-97665
-97677
-97903
-97944
-97992
-98253
-98580
-98639
-98717
-98853
-98868
-98930
-99304
-99442
-99713
-99724
-99920