99893
99574
99224
97924
97916
97393
97220
97157
96960
96461
96143
95822
94779
94737
94725
94548
94185
93867
93798
93761
93168
92973
92850
92347
91870
91542
91086
90527
90337
90286
90183
90079
89944
89916
89217
88043
87985
87784
87739
87531
87442
86766
86122
85862
85626
85403
85139
84868
84830
84299
84222
83121
83082
83029
82427
82327
82024
81958
81873
81618
81402
80873
80863
80833
80755
80366
79833
79689
79035
77768
77533
77292
76955
75118
74900
74842
74213
73740
73606
73599
73431
73267
73216
73036
72776
72518
72429
72392
72296
72236
71306
71076
69730
69543
68793
68531
68478
68374
67448
66220
66141
66013
65957
65615
65006
64672
64650
64218
62507
62297
61511
61324
60672
59925
59256
58154
57645
57528
57308
56765
56701
55901
55266
55066
54793
54633
54019
53679
53192
52410
52344
51834
51417
51279
51178
50648
50587
50237
49588
48973
48514
48283
47789
46387
45677
45557
45233
45103
45026
43009
42767
42508
41972
40967
40841
40791
40130
39780
38498
38097
37597
37485
37397
36491
35230
35146
34927
34747
34447
34352
33882
33251
32934
32489
32309
32266
31224
30728
30513
29861
29329
29167
28855
27447
26547
25182
23876
23527
23507
22809
22707
22308
22148
22104
22089
21924
20634
20399
20134
20102
19443
19369
19159
19140
19128
18847
18716
18322
18108
18036
17081
16239
16191
15103
15032
14844
14615
13885
13190
12708
12603
12478
12452
11306
10857
10560
9570
8950
8766
8362
8312
8212
8146
7957
7647
7105
6771
6421
6131
6100
5894
5818
5547
5159
5118
5028
4969
4042
3786
3538
3466
3412
3340
2600
2457
2262
2009
1813
1129
1125
1086
979
-868
-1357
-2006
-3169
-4318
-4614
-5001
-5109
-5205
-5974
-6050
-6084
-6200
-6556
-6720
-7493
-7537
-7719
-9413
-10688
-10959
-11275
-11926
-13084
-13619
-13662
-13772
-13878
-14179
-16035
-16884
-16911
-17513
-18042
-18298
-18357
-18708
-20057
-20233
-20277
-20371
-20430
-21356
-21806
-21964
-22005
-22127
-22181
-22591
-22909
-23328
-23408
-23413
-23757
-23989
-24622
-26263
-26827
-26905
-27112
-27509
-28026
-28407
-28422
-28840
-29392
-30179
-30617
-30657
-30723
-30920
-32032
-32451
-32942
-33253
-34462
-35393
-35398
-36186
-36241
-36732
-37111
-37450
-38141
-38519
-38522
-38544
-39402
-39719
-40040
-40420
-40462
-40698
-40955
-41124
-41940
-41990
-42244
-42348
-42874
-43943
-44904
-45475
-45705
-45755
-46189
-46969
-47883
-48571
-48714
-49018
-49597
-50053
-50381
-50602
-50999
-52268
-52400
-53022
-53161
-53774
-54372
-54425
-54430
-55790
-56258
-56429
-57002
-57461
-58297
-58573
-59292
-60931
-61328
-61960
-61974
-62056
-62487
-62691
-63011
-63650
-63904
-64192
-64858
-66092
-67505
-68498
-68731
-69050
-69241
-69291
-69714
-69802
-70109
-70300
-70479
-70698
-71717
-72582
-72612
-73032
-73796
-73864
-74098
-75366
-75584
-75789
-75862
-75889
-76314
-76732
-77425
-77666
-78126
-78201
-78578
-78789
-78803
-79028
-79066
-79582
-80230
-80345
-80525
-80928
-80989
-81248
-81492
-81774
-81848
-82229
-82288
-82863
-82972
-83242
-83947
-83992
-84245
-85006
-85149
-85203
-86233
-86242
-86729
-86853
-87113
-87543
-87669
-87949
-88202
-88264
-88502
-88556
-88769
-89584
-89632
-89730
-90371
-91186
-91305
-91357
-91435
-93091
-93361
-93511
-94803
-95660
-96104
-97167
-97267
-97431
-97659
-97925
-98264
-98990
-99087
-99160
-99528