99864
99833
99826
99818
99782
99761
99687
99645
99603
99593
99574
99545
99517
99419
99395
99387
99340
99298
99270
99247
99200
99181
99079
99025
99010
98935
98888
98799
98776
98764
98724
98642
98602
98549
98529
98487
98449
98426
98412
98357
98231
98214
98187
98183
98166
98142
98122
98076
98068
98055
98029
97882
97814
97709
97700
97699
97669
97499
97413
97387
97354
97330
97327
97312
97306
97258
97168
97161
97126
97086
97081
97067
97042
97031
97026
97024
97001
96952
96923
96893
96889
96806
96784
96770
96766
96668
96637
96558
96540
96522
96493
96439
96424
96389
96385
96322
96304
96269
96208
96122
96074
96070
96052
95987
95927
95906
95906
95898
95838
95819
95775
95754
95702
95697
95693
95576
95568
95455
95426
95338
95310
95302
95300
95275
95187
95169
95161
95150
95053
95043
94974
94960
94924
94851
94742
94740
94732
94731
94688
94674
94542
94405
94371
94309
94207
94092
94076
94042
94040
94018
93994
93979
93964
93929
93925
93864
93791
93737
93672
93664
93659
93611
93581
93539
93526
93506
93498
93474
93310
93276
93263
93115
93025
93007
93002
92973
92949
92886
92849
92794
92697
92694
92678
92646
92621
92596
92577
92530
92501
92470
92444
92354
92345
92307
92281
92243
92228
92196
92161
92144
92126
92118
92112
92057
92052
91907
91861
91836
91704
91660
91643
91634
91568
91474
91299
91254
91197
91143
91128
91107
91095
91042
90967
90938
90931
90924
90808
90795
90688
90635
90622
90618
90588
90587
90550
90451
90401
90380
90355
90319
90252
90170
90161
90161
90133
90106
90102
90033
89861
89835
89789
89735
89732
89718
89698
89688
89642
89616
89535
89496
89476
89460
89321
89286
89282
89234
89224
89202
89180
89154
89069
88996
88975
88970
88937
88903
88881
88789
88778
88774
88751
88745
88667
88605
88593
88585
88575
88537
88515
88457
88405
88350
88315
88281
88204
88164
88114
88039
87995
87988
87964
87949
87830
87821
87775
87750
87749
87740
87710
87701
87699
87649
87584
87556
87530
87529
87512
87461
87407
87368
87310
87285
87282
87256
87250
87211
87180
87176
87156
87140
87131
87119
87082
87078
87057
87045
86973
86943
86877
86729
86705
86696
86602
86574
86569
86538
86507
86385
86384
86294
86236
86175
86169
86149
86148
86088
86065
86052
86038
85995
85957
85913
85867
85851
85786
85694
85632
85550
85536
85489
85443
85435
85376
85373
85339
85321
85299
85295
85194
85086
85078
85047
85037
85018
84852
84830
84788
84750
84721
84641
84639
84617
84551
84542
84455
84430
84408
84324
84275
84216
84199
84127
84029
83974
83974
83957
83896
83884
83845
83828
83720
83679
83623
83611
83570
83560
83554
83520
83511
83485
83469
83329
83276
83213
83133
83124
83083
83038
83028
83027
82996
82908
82862
82767
82745
82685
82605
82551
82542
82519
82444
82440
82406
82403
82183
82166
82142
82062
82059
82044
82038
82020
81915
81897
81871
81852
81841
81829
81812
81795
81775
81762
81729
81679
81676
81621
81573
81555
81502
81471
81465
81457
81445
81362
81362
81292
81260
81148
81140
81107
81094
81081
81069
80988
80980
80938
80870
80785
80736
80682
80676
80634
80631
80549
80528
80345
80314
80278
80199
80124
80119
79946
79937
79931
79928
79833
79769
79729
79695
79664
79574
79567
79549
79444
79401
79353
79345
79297
79190
79171
79127
79062
79043
78976
78958
78924
78914
78867
78858
78784
78767
78642
78634
78634
78623
78613
78538
78381
78303
78302
78250
78206
78074
78018
78014
78003
77974
77859
77854
77637
77606
77588
77509
77478
77428
77365
77330
77211
77194
77162
77103
77084
77006
76965
76942
76936
76908
76900
76893
76771
76757
76668
76656
76631
76570
76558
76520
76495
76452
76441
76441
76430
76396
76393
76357
76304
76204
76132
76079
75986
75985
75981
75980
75939
75880
75879
75837
75810
75794
75775
75740
75732
75703
75666
75653
75606
75599
75479
75466
75432
75414
75309
75282
75257
75173
74969
74928
74923
74898
74892
74790
74765
74765
74739
74730
74703
74628
74600
74587
74580
74548
74526
74487
74465
74431
74408
74386
74377
74368
74357
74352
74348
74327
74326
74310
74289
74274
74236
74209
74166
74110
74070
74058
74008
73968
73941
73932
73908
73901
73891
73713
73655
73623
73617
73561
73514
73371
73370
73370
73336
73329
73285
73279
73225
73210
73171
73007
72885
72826
72812
72740
72702
72622
72620
72497
72446
72404
72333
72314
72253
72184
72151
72121
71973
71911
71890
71778
71648
71643
71526
71520
71448
71340
71288
71208
71187
71123
71065
71057
71050
71003
70987
70944
70927
70910
70857
70854
70842
70838
70824
70777
70729
70710
70706
70696
70671
70615
70590
70568
70536
70510
70418
70393
70372
70265
70104
70065
70028
70010
70006
69980
69956
69924
69918
69885
69852
69805
69788
69752
69730
69693
69691
69637
69624
69565
69549
69533
69532
69465
69454
69410
69408
69380
69342
69296
69285
69214
69206
69185
69179
69176
69170
69109
69101
69087
69074
69048
69007
68957
68940
68926
68898
68896
68845
68823
68751
68744
68742
68677
68619
68577
68550
68444
68401
68356
68282
68237
68224
68150
68144
68094
68063
67988
67835
67791
67787
67688
67596
67580
67574
67488
67452
67333
67303
67145
67123
67111
67080
67040
67038
67036
67032
66999
66978
66920
66895
66804
66789
66731
66717
66609
66567
66529
66415
66406
66397
66391
66362
66348
66333
66319
66261
66236
66224
66132
66109
66003
65964
65948
65930
65924
65857
65795
65789
65711
65711
65708
65671
65667
65577
65484
65427
65395
65352
65318
65305
65295
65274
65266
65098
65037
65033
65018
64921
64862
64775
64771
64671
64667
64634
64622
64606
64593
64568
64542
64521
64447
64431
64392
64373
64313
64282
64229
64228
64157
64118
64059
64052
63991
63983
63927
63896
63888
63849
63838
63837
63823
63785
63757
63705
63667
63591
63460
63398
63365
63334
63290
63279
63198
63137
63136
63135
63118
63108
63089
63073
63016
63006
62934
62916
62898
62724
62650
62501
62439
62407
62346
62330
62252
62236
62157
62155
61993
61990
61933
61834
61701
61622
61591
61510
61496
61486
61481
61446
61434
61413
61385
61367
61322
61317
61302
61302
61262
61242
61240
61173
61150
61130
61064
60972
60953
60924
60850
60807
60799
60791
60772
60768
60767
60738
60734
60718
60673
60636
60628
60582
60567
60467
60419
60402
60384
60293
60286
60172
60035
60031
59973
59943
59874
59795
59787
59768
59746
59737
59691
59659
59606
59605
59585
59515
59431
59398
59391
59376
59338
59328
59325
59316
59255
59224
59164
59158
59144
59143
59114
59068
59006
58925
58904
58893
58880
58865
58785
58784
58778
58678
58644
58631
58616
58568
58527
58493
58440
58439
58412
58333
58327
58232
58168
58089
58068
58025
58018
57949
57838
57786
57746
57700
57655
57618
57584
57479
57451
57428
57384
57378
57315
57280
57167
57077
57062
57060
57037
57001
56958
56946
56917
56910
56897
56859
56824
56775
56769
56758
56723
56676
56665
56615
56606
56564
56562
56538
56474
56467
56442
56427
56383
56268
56240
56231
56212
56162
56087
56073
55921
55869
55797
55755
55697
55691
55685
55634
55633
55613
55610
55593
55479
55441
55434
55404
55319
55178
55155
55145
55036
55016
54992
54975
54860
54732
54729
54687
54632
54609
54585
54542
54445
54425
54411
54376
54304
54268
54096
54054
54006
53921
53915
53912
53907
53902
53898
53885
53874
53864
53800
53735
53711
53498
53440
53416
53197
53156
53146
53143
53127
53105
53101
52954
52920
52913
52902
52874
52867
52837
52834
52834
52756
52755
52612
52538
52504
52502
52380
52379
52312
52306
52295
52258
52253
52236
52185
52174
52173
52105
51964
51891
51885
51861
51824
51807
51801
51794
51730
51691
51669
51622
51568
51512
51445
51431
51398
51388
51369
51365
51346
51340
51250
51241
51236
51161
51155
51118
51086
51063
51008
50896
50862
50799
50778
50762
50756
50715
50668
50534
50446
50427
50373
50313
50312
50147
50127
50090
50087
50006
49894
49885
49820
49759
49685
49650
49613
49577
49576
49550
49539
49525
49499
49466
49455
49408
49403
49392
49358
49295
49240
49211
49206
49117
49105
49060
48999
48996
48973
48968
48938
48882
48855
48713
48671
48660
48596
48583
48533
48471
48467
48463
48442
48414
48399
48374
48339
48300
48262
48262
48256
48207
48180
48138
48115
48071
47987
47979
47972
47780
47767
47763
47715
47513
47415
47408
47403
47402
47374
47335
47322
47201
47181
47128
47018
46987
46926
46911
46906
46857
46830
46821
46720
46637
46562
46523
46495
46432
46353
46332
46297
46249
46222
46213
46159
46075
46065
46058
46018
45977
45914
45827
45794
45667
45452
45433
45247
45178
45147
45141
45110
45110
45076
44911
44905
44815
44815
44776
44762
44754
44718
44680
44657
44584
44567
44544
44390
44380
44319
44221
44178
44131
44110
44032
43980
43977
43932
43715
43688
43687
43630
43523
43453
43346
43328
43155
43155
43148
43118
43090
43029
42968
42919
42909
42882
42787
42775
42759
42681
42673
42619
42577
42562
42560
42481
42415
42379
42332
42316
42292
42195
42161
42149
42137
42114
42097
42083
42076
42037
41993
41984
41944
41876
41851
41825
41786
41728
41689
41668
41648
41558
41556
41404
41373
41358
41281
41188
41127
41107
41062
41058
41041
40996
40890
40861
40853
40848
40822
40522
40515
40515
40474
40465
40392
40384
40306
40193
40124
40106
40029
39916
39906
39903
39881
39820
39815
39773
39756
39743
39706
39682
39607
39572
39567
39566
39536
39469
39464
39396
39378
39360
39327
39312
39272
39238
39237
39215
39210
39208
39200
39196
39190
39152
39138
39119
39116
39105
39086
39020
38893
38892
38887
38785
38725
38714
38562
38495
38441
38405
38398
38392
38342
38257
38231
38215
38022
38002
37999
37992
37969
37911
37855
37800
37789
37784
37738
37629
37581
37535
37481
37475
37469
37417
37266
37249
37247
37218
37191
37037
36996
36977
36976
36913
36903
36896
36836
36803
36792
36780
36750
36749
36736
36701
36647
36597
36572
36550
36464
36379
36363
36345
36311
36308
36298
36246
36190
36130
36065
36063
36039
36033
36019
35759
35681
35645
35632
35557
35513
35443
35417
35406
35402
35393
35387
35365
35209
35204
35115
35093
34988
34978
34927
34903
34895
34870
34841
34833
34720
34703
34684
34550
34508
34508
34425
34391
34382
34296
34270
34263
34262
34261
34216
34206
34168
34166
34144
34136
34118
34102
34100
34082
33913
33904
33727
33727
33637
33511
33510
33507
33496
33482
33359
33349
33299
33252
33233
33163
33113
33103
33098
33074
33043
33009
32924
32917
32907
32897
32846
32843
32744
32743
32732
32724
32598
32588
32587
32582
32520
32513
32450
32399
32379
32371
32325
32301
32299
32293
32264
32263
32241
32233
32117
32092
32083
32068
32053
32034
32007
31995
31982
31895
31844
31837
31736
31714
31687
31683
31648
31636
31627
31627
31532
31520
31444
31388
31350
31153
31151
31134
31128
31123
31107
31088
31040
31021
31003
30927
30798
30756
30756
30707
30665
30638
30626
30504
30496
30492
30486
30395
30384
30378
30324
30254
30168
30135
30111
29999
29958
29921
29857
29837
29812
29810
29793
29761
29741
29707
29688
29682
29664
29625
29619
29612
29595
29524
29505
29481
29456
29412
29346
29263
29110
29108
29088
29055
28939
28848
28813
28799
28775
28762
28747
28694
28686
28599
28482
28445
28440
28382
28331
28321
28275
28223
28208
28164
28070
28066
28025
27976
27913
27879
27861
27722
27648
27598
27595
27561
27549
27493
27486
27455
27449
27385
27380
27341
27310
27270
27249
27197
27017
27013
26982
26923
26896
26863
26843
26836
26809
26740
26594
26569
26504
26415
26398
26365
26283
26212
26205
26200
26170
26152
26107
26065
25974
25973
25885
25807
25761
25753
25618
25534
25512
25470
25396
25394
25381
25373
25354
25301
25290
25273
25245
25190
25145
25060
25026
24913
24731
24716
24666
24659
24635
24629
24627
24559
24550
24550
24490
24418
24399
24341
24277
24267
24207
24202
24189
24101
24022
24019
23977
23949
23946
23903
23898
23882
23881
23871
23828
23795
23792
23749
23708
23665
23648
23601
23574
23511
23455
23408
23383
23338
23326
23285
23262
23240
23239
23208
23186
23162
23160
23141
23066
23062
22995
22990
22986
22977
22956
22945
22939
22934
22899
22871
22868
22840
22754
22658
22629
22574
22537
22408
22375
22363
22352
22337
22255
22231
22215
22075
22067
22025
21889
21876
21858
21836
21736
21728
21703
21597
21586
21564
21555
21453
21448
21410
21393
21330
21328
21280
21247
21245
21207
21161
21157
21078
20894
20892
20802
20722
20692
20660
20648
20520
20510
20411
20309
20303
20295
20277
20273
20169
20157
20153
20144
19959
19950
19941
19879
19770
19668
19404
19344
19266
19207
19170
19165
19108
19097
19030
18952
18918
18884
18691
18680
18630
18548
18513
18479
18462
18461
18402
18400
18390
18386
18384
18323
18297
18251
18203
18162
18123
18021
17969
17728
17585
17514
17384
17376
17342
17276
17213
17157
17114
17089
17075
16980
16972
16969
16882
16857
16829
16789
16786
16723
16709
16563
16541
16523
16438
16423
16295
16214
16214
16183
16159
16156
16150
16057
16041
16021
15984
15955
15949
15879
15850
15825
15800
15799
15769
15758
15751
15740
15709
15639
15625
15600
15500
15311
15311
15309
15302
15265
15261
15243
15242
15238
15166
15102
15097
15046
15045
15028
15020
14976
14947
14912
14882
14827
14812
14796
14726
14643
14610
14579
14384
14379
14302
14298
14296
14231
14205
14130
14110
14106
14082
14067
14066
14058
14045
13994
13836
13701
13677
13636
13621
13617
13602
13544
13520
13499
13465
13459
13438
13419
13275
13230
13219
13191
13152
13064
13049
12954
12917
12893
12841
12567
12547
12536
12471
12423
12362
12362
12305
12252
12243
12167
12163
12117
12051
11974
11928
11789
11708
11662
11600
11508
11419
11381
11356
11308
11300
11299
11169
11110
11019
10974
10907
10904
10798
10737
10642
10564
10520
10493
10485
10446
10402
10390
10342
10317
10307
10286
10257
10198
10161
10141
10136
10080
10031
9973
9957
9936
9877
9755
9718
9703
9702
9700
9654
9600
9575
9512
9303
9293
9279
9227
9177
9161
9140
9134
9095
9057
9028
9004
8985
8965
8948
8869
8816
8790
8772
8655
8614
8563
8461
8451
8247
8188
8130
8070
8058
8047
8036
8030
7810
7782
7760
7713
7646
7628
7589
7586
7556
7550
7543
7467
7467
7451
7421
7403
7391
7360
7295
7224
7216
7201
7196
7177
7092
7000
6982
6955
6895
6800
6793
6789
6762
6755
6721
6716
6710
6652
6618
6611
6609
6581
6567
6559
6530
6472
6421
6375
6334
6244
6225
6215
6214
6136
6087
6068
6046
6040
6001
5962
5896
5887
5876
5867
5763
5760
5737
5731
5707
5704
5647
5629
5618
5583
5581
5576
5576
5573
5571
5555
5550
5544
5512
5489
5462
5410
5386
5383
5348
5312
5302
5283
5230
5229
5070
5046
5013
4979
4970
4932
4920
4842
4835
4830
4826
4801
4789
4653
4633
4624
4594
4581
4504
4479
4457
4430
4426
4405
4240
4222
4152
4070
3995
3976
3927
3749
3742
3733
3715
3705
3686
3609
3571
3554
3458
3447
3408
3291
3283
3282
3280
3268
3211
3210
3148
3086
2978
2972
2833
2801
2675
2651
2627
2549
2514
2475
2448
2397
2360
2329
2321
2268
2263
2242
2217
2157
2096
2088
2085
1931
1923
1918
1917
1902
1850
1833
1771
1734
1733
1674
1629
1495
1483
1466
1443
1384
1339
1315
1302
1292
1261
1218
1205
1165
1120
988
951
893
830
759
688
666
655
612
612
606
593
567
528
514
494
490
488
408
316
300
214
144
142
70
35
20
-6
-40
-199
-279
-284
-301
-348
-359
-407
-529
-542
-655
-666
-732
-834
-859
-861
-871
-924
-956
-1060
-1062
-1176
-1192
-1225
-1273
-1276
-1318
-1431
-1436
-1442
-1517
-1531
-1598
-1630
-1652
-1750
-1795
-1820
-1841
-1870
-1879
-1883
-1900
-1980
-2054
-2255
-2261
-2263
-2277
-2291
-2292
-2323
-2476
-2546
-2584
-2587
-2622
-2640
-2721
-2734
-2769
-2817
-2830
-2839
-2855
-2882
-2898
-2925
-2949
-2995
-2998
-3019
-3068
-3082
-3091
-3092
-3137
-3151
-3162
-3174
-3175
-3205
-3209
-3233
-3250
-3250
-3302
-3311
-3362
-3392
-3517
-3543
-3559
-3597
-3613
-3635
-3644
-3652
-3707
-3729
-3737
-3750
-3859
-3882
-3904
-3905
-3915
-3988
-4044
-4074
-4105
-4142
-4156
-4158
-4173
-4179
-4187
-4258
-4308
-4338
-4378
-4379
-4421
-4489
-4502
-4507
-4567
-4626
-4725
-4765
-4778
-4779
-4864
-4877
-4894
-4900
-4916
-4976
-5001
-5001
-5003
-5029
-5051
-5061
-5108
-5209
-5210
-5266
-5278
-5370
-5396
-5430
-5461
-5512
-5515
-5539
-5542
-5573
-5645
-5662
-5774
-5917
-6115
-6144
-6162
-6320
-6335
-6447
-6549
-6568
-6583
-6590
-6596
-6661
-6682
-6691
-6693
-6728
-6752
-6793
-6872
-6935
-6970
-6975
-7003
-7018
-7202
-7346
-7409
-7433
-7528
-7529
-7566
-7652
-7681
-7742
-7745
-7754
-7826
-7840
-7872
-7987
-8008
-8030
-8065
-8070
-8092
-8105
-8122
-8165
-8208
-8213
-8246
-8265
-8275
-8289
-8316
-8369
-8413
-8449
-8503
-8509
-8519
-8573
-8669
-8686
-8724
-8752
-8771
-8803
-8811
-8831
-8899
-8918
-8923
-8952
-8958
-8969
-8972
-9005
-9010
-9018
-9048
-9149
-9153
-9187
-9296
-9365
-9366
-9388
-9419
-9432
-9450
-9467
-9474
-9482
-9484
-9557
-9699
-9851
-9946
-9990
-10037
-10083
-10093
-10104
-10111
-10183
-10205
-10241
-10241
-10258
-10362
-10373
-10381
-10415
-10438
-10487
-10518
-10521
-10557
-10585
-10606
-10616
-10737
-10739
-10924
-11055
-11064
-11069
-11084
-11126
-11140
-11171
-11206
-11245
-11298
-11357
-11385
-11409
-11448
-11531
-11617
-11630
-11698
-11712
-11770
-11786
-11813
-11842
-11960
-12079
-12108
-12187
-12213
-12262
-12310
-12342
-12355
-12434
-12434
-12449
-12468
-12513
-12534
-12539
-12542
-12594
-12595
-12719
-12770
-12837
-12852
-12870
-12915
-12927
-12961
-12989
-13038
-13074
-13109
-13143
-13170
-13201
-13415
-13498
-13499
-13541
-13551
-13566
-13571
-13571
-13626
-13645
-13654
-13694
-13701
-13738
-13745
-13861
-13878
-13898
-13924
-13939
-13942
-13956
-13973
-13996
-14052
-14091
-14110
-14121
-14162
-14233
-14248
-14332
-14344
-14455
-14464
-14515
-14575
-14586
-14695
-14719
-14771
-14884
-14931
-14979
-15004
-15030
-15119
-15190
-15208
-15226
-15248
-15298
-15395
-15449
-15482
-15498
-15532
-15567
-15597
-15627
-15652
-15712
-15733
-15755
-15767
-15770
-15888
-16075
-16152
-16192
-16225
-16258
-16283
-16322
-16343
-16423
-16441
-16458
-16472
-16489
-16573
-16599
-16639
-16886
-16901
-16930
-16930
-16956
-16980
-17004
-17017
-17044
-17067
-17103
-17131
-17294
-17298
-17353
-17384
-17474
-17525
-17538
-17566
-17581
-17686
-17690
-17781
-17837
-17946
-17959
-17998
-18011
-18032
-18090
-18162
-18163
-18247
-18269
-18283
-18361
-18457
-18485
-18550
-18602
-18669
-18682
-18690
-18759
-18808
-18810
-18830
-18883
-18887
-18941
-18964
-18965
-18976
-18994
-19013
-19094
-19118
-19139
-19142
-19167
-19290
-19310
-19328
-19403
-19546
-19567
-19601
-19660
-19730
-19762
-19770
-19870
-19880
-19917
-19969
-20015
-20021
-20082
-20096
-20123
-20172
-20276
-20332
-20362
-20414
-20472
-20500
-20517
-20528
-20551
-20566
-20610
-20670
-20683
-20695
-20753
-20786
-20791
-20857
-20872
-20924
-21005
-21016
-21020
-21041
-21116
-21150
-21151
-21198
-21246
-21268
-21314
-21367
-21420
-21526
-21557
-21644
-21697
-21715
-21723
-21974
-22027
-22035
-22113
-22149
-22149
-22158
-22291
-22487
-22489
-22564
-22633
-22653
-22732
-22777
-22875
-22885
-23165
-23359
-23374
-23377
-23398
-23493
-23499
-23515
-23516
-23637
-23641
-23673
-23715
-23731
-23748
-23755
-23773
-23798
-23898
-23957
-23984
-23993
-24025
-24039
-24078
-24095
-24150
-24193
-24269
-24303
-24306
-24393
-24429
-24457
-24550
-24570
-24570
-24591
-24605
-24618
-24763
-24798
-24892
-24974
-24994
-25090
-25275
-25295
-25315
-25355
-25359
-25402
-25406
-25472
-25499
-25589
-25591
-25667
-25670
-25671
-25738
-25774
-25782
-25806
-25906
-25986
-26005
-26010
-26012
-26043
-26097
-26112
-26202
-26219
-26231
-26241
-26290
-26318
-26345
-26380
-26396
-26409
-26466
-26541
-26643
-26686
-26687
-26697
-26725
-26738
-26738
-26848
-26878
-26962
-26965
-27013
-27028
-27037
-27082
-27131
-27168
-27265
-27292
-27311
-27364
-27391
-27437
-27446
-27527
-27537
-27552
-27556
-27603
-27638
-27656
-27659
-27679
-27811
-27831
-27891
-27892
-27926
-27949
-28055
-28085
-28086
-28125
-28136
-28242
-28263
-28305
-28326
-28344
-28359
-28390
-28408
-28589
-28608
-28658
-28659
-28701
-28706
-28707
-28721
-28740
-28747
-28810
-28837
-28899
-28919
-28952
-28954
-29064
-29094
-29118
-29232
-29272
-29327
-29358
-29475
-29510
-29520
-29644
-29682
-29690
-29800
-29800
-29800
-29817
-29883
-29901
-29910
-29916
-29966
-29984
-30058
-30087
-30150
-30368
-30449
-30476
-30498
-30607
-30615
-30655
-30805
-30814
-30912
-30924
-30962
-30965
-30973
-30978
-31036
-31162
-31192
-31203
-31232
-31266
-31270
-31304
-31372
-31403
-31404
-31444
-31525
-31526
-31530
-31625
-31680
-31718
-31746
-31805
-31817
-31827
-31834
-31835
-31990
-31995
-32152
-32154
-32173
-32281
-32306
-32355
-32368
-32399
-32424
-32441
-32458
-32598
-32605
-32626
-32657
-32668
-32731
-32736
-32918
-33043
-33135
-33160
-33162
-33202
-33231
-33338
-33461
-33512
-33522
-33547
-33583
-33636
-33691
-33762
-33804
-33838
-33854
-33854
-33934
-33960
-33974
-33974
-34016
-34025
-34078
-34083
-34106
-34106
-34110
-34166
-34311
-34320
-34328
-34354
-34383
-34387
-34391
-34417
-34665
-34682
-34714
-34743
-34757
-34835
-34837
-34859
-34900
-34976
-35195
-35211
-35381
-35385
-35488
-35558
-35747
-35752
-35770
-35800
-35805
-35905
-36116
-36127
-36137
-36163
-36178
-36187
-36215
-36244
-36286
-36355
-36437
-36445
-36464
-36482
-36523
-36526
-36541
-36630
-36646
-36647
-36658
-36678
-36708
-36731
-36733
-36784
-36796
-36816
-36821
-36841
-36874
-36908
-36969
-37134
-37174
-37193
-37211
-37232
-37261
-37264
-37290
-37342
-37417
-37436
-37460
-37460
-37464
-37506
-37595
-37629
-37661
-37707
-37714
-37769
-37927
-37949
-37957
-37980
-38001
-38024
-38027
-38040
-38053
-38141
-38148
-38187
-38230
-38283
-38300
-38392
-38401
-38445
-38467
-38475
-38493
-38521
-38567
-38586
-38720
-38730
-38740
-38757
-38863
-38878
-38909
-38917
-38923
-39007
-39043
-39093
-39118
-39130
-39147
-39174
-39193
-39210
-39276
-39289
-39321
-39322
-39387
-39390
-39396
-39419
-39430
-39599
-39599
-39656
-39707
-39747
-39750
-39752
-39773
-39791
-39833
-39873
-40010
-40024
-40051
-40102
-40105
-40119
-40186
-40230
-40230
-40233
-40344
-40344
-40349
-40401
-40440
-40441
-40498
-40521
-40538
-40563
-40610
-40697
-40699
-40724
-40743
-40756
-40807
-40864
-40892
-40975
-40989
-41066
-41092
-41289
-41345
-41367
-41392
-41392
-41393
-41542
-41542
-41576
-41580
-41594
-41630
-41656
-41659
-41663
-41675
-41684
-41747
-41880
-41894
-41947
-41965
-41976
-41985
-42009
-42065
-42084
-42155
-42185
-42207
-42245
-42292
-42342
-42349
-42370
-42391
-42474
-42532
-42551
-42638
-42658
-42973
-42976
-42983
-43028
-43059
-43089
-43104
-43204
-43329
-43360
-43384
-43461
-43470
-43475
-43501
-43541
-43543
-43563
-43585
-43585
-43603
-43629
-43762
-43763
-43785
-43833
-44025
-44049
-44057
-44148
-44186
-44222
-44253
-44282
-44323
-44404
-44473
-44478
-44506
-44515
-44533
-44559
-44572
-44575
-44611
-44623
-44654
-44703
-44718
-44753
-44757
-44785
-44792
-44830
-44890
-44901
-44906
-44934
-44949
-44994
-44997
-45003
-45024
-45031
-45046
-45048
-45086
-45094
-45142
-45146
-45155
-45208
-45237
-45260
-45281
-45285
-45304
-45343
-45410
-45412
-45415
-45418
-45459
-45469
-45473
-45541
-45620
-45671
-45711
-45744
-45808
-45826
-45856
-45925
-45955
-45959
-45976
-45989
-46003
-46010
-46018
-46035
-46036
-46053
-46060
-46094
-46124
-46230
-46257
-46268
-46290
-46363
-46452
-46489
-46503
-46536
-46544
-46633
-46678
-46759
-46794
-46801
-46887
-46914
-46965
-46996
-47118
-47197
-47274
-47282
-47287
-47395
-47398
-47421
-47518
-47526
-47674
-47690
-47736
-47811
-47886
-47933
-48021
-48026
-48106
-48138
-48148
-48190
-48258
-48284
-48292
-48292
-48322
-48344
-48395
-48408
-48420
-48504
-48605
-48681
-48695
-48718
-48774
-48799
-48809
-48841
-49065
-49153
-49157
-49163
-49207
-49227
-49256
-49274
-49279
-49371
-49454
-49527
-49625
-49627
-49660
-49747
-49785
-49818
-49818
-49827
-49834
-49843
-49871
-49874
-49890
-49954
-50041
-50052
-50171
-50178
-50183
-50195
-50312
-50341
-50361
-50363
-50473
-50475
-50566
-50580
-50608
-50616
-50638
-50663
-50668
-50743
-50745
-50875
-50904
-50910
-50942
-50966
-50983
-51036
-51093
-51114
-51157
-51161
-51319
-51366
-51430
-51457
-51525
-51656
-51679
-51728
-51745
-51793
-51820
-51893
-51966
-51967
-52032
-52039
-52056
-52101
-52123
-52135
-52154
-52223
-52237
-52268
-52380
-52384
-52396
-52466
-52470
-52480
-52488
-52502
-52589
-52602
-52624
-52630
-52675
-52691
-52802
-52807
-52855
-52898
-52984
-53057
-53113
-53134
-53143
-53167
-53172
-53175
-53186
-53213
-53299
-53329
-53347
-53349
-53372
-53394
-53477
-53496
-53502
-53515
-53583
-53606
-53607
-53616
-53659
-53703
-53714
-53728
-53749
-53789
-53797
-53835
-53842
-53847
-53889
-53957
-53999
-54007
-54030
-54051
-54051
-54073
-54105
-54111
-54136
-54158
-54196
-54271
-54339
-54358
-54472
-54472
-54475
-54493
-54504
-54507
-54524
-54551
-54579
-54679
-54713
-54738
-54743
-54750
-54792
-54887
-54936
-54982
-55029
-55064
-55079
-55081
-55081
-55206
-55219
-55294
-55316
-55346
-55364
-55401
-55582
-55644
-55669
-55689
-55792
-55797
-55818
-55944
-56048
-56060
-56065
-56183
-56189
-56204
-56281
-56297
-56317
-56350
-56386
-56401
-56408
-56439
-56447
-56465
-56471
-56484
-56497
-56536
-56578
-56607
-56632
-56658
-56664
-56844
-56891
-56911
-56994
-56998
-57015
-57018
-57019
-57027
-57041
-57058
-57076
-57082
-57086
-57093
-57120
-57130
-57134
-57138
-57204
-57216
-57219
-57262
-57276
-57287
-57293
-57301
-57406
-57416
-57461
-57462
-57470
-57483
-57574
-57595
-57657
-57729
-57911
-57923
-57936
-57955
-57973
-57983
-58066
-58075
-58099
-58148
-58360
-58373
-58376
-58404
-58446
-58532
-58545
-58670
-58673
-58682
-58690
-58783
-58814
-58828
-58911
-59023
-59038
-59045
-59059
-59169
-59174
-59174
-59210
-59280
-59285
-59324
-59392
-59412
-59431
-59435
-59497
-59522
-59644
-59730
-59746
-59819
-59822
-59823
-59845
-59874
-59920
-59940
-59966
-59981
-60017
-60019
-60085
-60145
-60223
-60301
-60320
-60357
-60374
-60380
-60381
-60409
-60528
-60575
-60636
-60663
-60706
-60834
-60878
-60879
-61068
-61104
-61173
-61183
-61196
-61203
-61216
-61265
-61291
-61308
-61319
-61334
-61336
-61348
-61408
-61434
-61457
-61458
-61475
-61498
-61549
-61591
-61604
-61617
-61635
-61677
-61713
-61730
-61828
-61882
-61911
-61996
-62024
-62056
-62172
-62236
-62252
-62289
-62316
-62330
-62365
-62462
-62487
-62505
-62532
-62558
-62612
-62644
-62645
-62646
-62665
-62734
-62751
-62827
-62865
-62929
-62947
-62972
-63014
-63095
-63130
-63145
-63295
-63357
-63382
-63388
-63397
-63486
-63527
-63570
-63581
-63586
-63709
-63729
-63771
-63848
-63887
-63911
-63941
-64008
-64057
-64066
-64082
-64093
-64132
-64144
-64179
-64192
-64246
-64266
-64293
-64344
-64405
-64419
-64481
-64488
-64584
-64587
-64655
-64669
-64671
-64691
-64694
-64715
-64759
-64767
-64792
-64846
-64955
-64961
-64984
-65007
-65060
-65143
-65192
-65193
-65197
-65239
-65257
-65271
-65295
-65349
-65448
-65452
-65522
-65551
-65638
-65734
-65796
-65847
-65859
-65915
-65943
-66005
-66009
-66026
-66041
-66047
-66135
-66187
-66222
-66232
-66320
-66354
-66369
-66396
-66413
-66416
-66417
-66462
-66465
-66523
-66540
-66639
-66778
-66849
-66864
-66887
-66908
-66930
-67086
-67106
-67175
-67305
-67315
-67342
-67348
-67367
-67434
-67458
-67459
-67466
-67493
-67497
-67579
-67583
-67584
-67612
-67629
-67660
-67667
-67690
-67729
-67864
-67867
-67893
-67898
-67909
-67918
-68014
-68035
-68041
-68095
-68111
-68151
-68184
-68185
-68364
-68394
-68411
-68416
-68443
-68446
-68449
-68478
-68524
-68544
-68564
-68653
-68655
-68703
-68763
-68766
-68810
-68841
-68861
-68963
-69036
-69080
-69093
-69107
-69147
-69197
-69321
-69327
-69348
-69367
-69369
-69433
-69494
-69572
-69578
-69583
-69594
-69690
-69720
-69761
-69906
-69913
-69949
-69960
-70006
-70052
-70128
-70129
-70163
-70196
-70224
-70248
-70299
-70361
-70463
-70533
-70538
-70551
-70555
-70673
-70686
-70773
-70780
-70789
-70803
-70838
-70839
-70875
-70899
-70938
-70990
-70998
-71182
-71207
-71224
-71245
-71254
-71271
-71293
-71368
-71630
-71653
-71685
-71779
-71781
-71836
-71880
-71906
-71964
-72001
-72014
-72120
-72152
-72165
-72175
-72231
-72286
-72292
-72416
-72448
-72474
-72487
-72561
-72594
-72607
-72621
-72689
-72692
-72718
-72767
-72868
-72888
-72916
-72983
-73125
-73126
-73153
-73179
-73271
-73294
-73333
-73342
-73349
-73362
-73380
-73406
-73408
-73415
-73496
-73501
-73563
-73622
-73670
-73686
-73689
-73778
-73794
-73802
-73812
-73835
-73889
-73928
-73929
-73945
-73969
-74015
-74187
-74226
-74277
-74312
-74402
-74469
-74489
-74555
-74600
-74603
-74662
-74741
-74744
-74748
-74759
-74764
-74828
-74887
-74891
-74891
-74938
-74962
-75042
-75087
-75108
-75109
-75112
-75115
-75126
-75149
-75177
-75197
-75208
-75227
-75254
-75317
-75412
-75464
-75560
-75580
-75588
-75708
-75752
-75875
-75936
-75990
-76006
-76016
-76018
-76048
-76055
-76081
-76097
-76130
-76176
-76186
-76223
-76292
-76319
-76338
-76367
-76395
-76490
-76628
-76715
-76742
-76773
-76850
-76954
-76972
-77015
-77016
-77018
-77060
-77069
-77086
-77093
-77112
-77182
-77206
-77276
-77473
-77573
-77641
-77658
-77683
-77694
-77711
-77732
-77739
-77762
-77800
-77906
-77932
-77942
-77971
-78037
-78073
-78195
-78292
-78341
-78359
-78381
-78397
-78418
-78497
-78546
-78640
-78688
-78755
-78821
-78849
-78856
-78899
-78952
-78990
-79036
-79081
-79107
-79167
-79204
-79206
-79209
-79236
-79240
-79256
-79273
-79316
-79425
-79551
-79572
-79590
-79779
-79801
-79853
-79875
-79900
-79934
-80049
-80050
-80060
-80074
-80086
-80188
-80206
-80274
-80340
-80429
-80432
-80521
-80534
-80535
-80612
-80642
-80693
-80710
-80715
-80734
-80757
-80775
-80800
-80810
-80812
-80841
-80859
-80902
-80986
-80993
-81031
-81091
-81114
-81181
-81234
-81283
-81312
-81326
-81384
-81463
-81502
-81546
-81570
-81621
-81693
-81795
-81826
-81875
-81906
-81939
-81962
-81980
-82108
-82138
-82207
-82216
-82270
-82280
-82289
-82308
-82321
-82340
-82342
-82375
-82440
-82521
-82592
-82645
-82673
-82699
-82762
-82774
-82813
-82815
-82863
-82870
-82891
-82906
-83043
-83076
-83121
-83203
-83274
-83289
-83293
-83323
-83397
-83416
-83506
-83517
-83535
-83543
-83583
-83584
-83610
-83691
-83705
-83720
-83746
-83762
-83766
-83780
-83838
-83877
-83925
-83986
-84012
-84017
-84097
-84122
-84324
-84344
-84358
-84364
-84377
-84448
-84452
-84533
-84547
-84663
-84663
-84725
-84747
-84773
-84794
-84811
-84851
-84902
-84906
-84960
-84997
-85032
-85039
-85050
-85078
-85103
-85121
-85124
-85208
-85257
-85318
-85377
-85432
-85453
-85460
-85490
-85491
-85513
-85517
-85547
-85580
-85608
-85678
-85708
-85719
-85809
-85945
-85948
-86009
-86015
-86023
-86120
-86142
-86144
-86267
-86284
-86294
-86328
-86340
-86362
-86374
-86487
-86496
-86503
-86508
-86512
-86519
-86526
-86550
-86567
-86578
-86583
-86675
-86741
-86748
-86761
-86784
-86840
-86847
-86864
-86873
-86911
-86935
-86958
-86985
-87017
-87018
-87023
-87080
-87085
-87226
-87262
-87267
-87272
-87274
-87473
-87658
-87766
-87895
-87900
-87933
-87934
-87958
-87959
-87963
-88047
-88050
-88057
-88082
-88131
-88133
-88152
-88162
-88198
-88220
-88249
-88307
-88460
-88469
-88495
-88532
-88564
-88675
-88748
-88773
-88815
-88816
-88867
-88882
-88913
-88923
-88926
-88928
-88954
-89060
-89083
-89111
-89132
-89228
-89361
-89361
-89397
-89408
-89409
-89416
-89431
-89442
-89598
-89794
-89794
-89875
-89881
-89884
-89928
-89940
-89967
-90072
-90079
-90081
-90110
-90131
-90170
-90197
-90232
-90252
-90257
-90318
-90393
-90401
-90456
-90567
-90615
-90667
-90693
-90710
-90737
-90777
-90960
-91133
-91201
-91224
-91225
-91233
-91362
-91444
-91493
-91518
-91526
-91655
-91673
-91761
-91765
-91787
-91862
-91876
-91917
-91960
-92077
-92102
-92158
-92178
-92202
-92264
-92292
-92321
-92372
-92375
-92380
-92433
-92474
-92474
-92498
-92539
-92556
-92591
-92624
-92634
-92676
-92679
-92679
-92701
-92722
-92730
-92774
-92805
-92840
-92926
-92943
-93001
-93026
-93041
-93083
-93089
-93170
-93186
-93208
-93269
-93270
-93346
-93382
-93439
-93444
-93462
-93497
-93526
-93582
-93682
-93697
-93767
-93823
-93844
-93895
-93914
-93984
-93997
-94088
-94099
-94109
-94110
-94116
-94146
-94202
-94246
-94248
-94291
-94300
-94331
-94333
-94434
-94481
-94496
-94502
-94545
-94571
-94576
-94624
-94776
-94808
-94842
-94844
-94952
-94976
-95042
-95059
-95188
-95249
-95292
-95292
-95332
-95372
-95443
-95450
-95467
-95527
-95591
-95592
-95639
-95683
-95710
-95773
-95782
-95930
-96007
-96075
-96103
-96171
-96212
-96219
-96240
-96258
-96259
-96266
-96300
-96318
-96321
-96477
-96485
-96490
-96500
-96537
-96542
-96607
-96644
-96661
-96760
-96801
-96912
-96942
-97072
-97090
-97090
-97142
-97175
-97179
-97214
-97312
-97343
-97403
-97415
-97493
-97494
-97495
-97496
-97533
-97553
-97639
-97678
-97719
-97755
-97815
-97828
-97849
-97894
-97913
-98010
-98018
-98056
-98063
-98219
-98236
-98268
-98376
-98429
-98430
-98437
-98544
-98665
-98692
-98728
-98770
-98780
-98809
-98875
-98877
-98897
-98897
-98906
-98942
-98966
-98968
-99054
-99106
-99114
-99198
-99329
-99370
-99402
-99478
-99485
-99503
-99542
-99544
-99663
-99724
-99728
-99782
-99785
-99893
-99898
-99902
-99913
-99960
-99961
-99975