-99920
-99724
-99713
-99442
-99304
-98930
-98868
-98853
-98717
-98639
-98580
-98253
-97992
-97944
-97903
-97677
-97665
-97566
-97495
-97243
-97092
-97002
-96816
-96742
-96712
-96352
-95924
-95863
-95658
-94898
-94797
-94574
-94264
-94202
-93905
-93456
-93235
-93081
-92923
-92800
-92736
-92673
-92352
-92155
-91582
-91466
-90605
-90328
-90183
-90094
-89944
-89932
-89910
-89875
-89825
-89770
-89414
-89000
-88739
-88639
-88556
-88443
-88217
-87977
-87946
-87809
-87350
-87347
-87162
-87152
-87089
-86902
-86856
-86807
-86781
-86776
-86601
-86579
-86553
-86547
-86530
-86339
-86153
-86119
-86079
-86059
-85908
-85740
-85700
-85586
-85471
-85335
-85300
-85262
-84798
-84760
-84627
-84406
-84107
-84033
-83846
-83737
-83607
-83428
-83401
-82920
-82335
-82184
-82129
-81948
-81548
-81316
-81121
-80917
-80754
-80741
-80580
-80305
-80143
-80066
-80053
-79855
-79603
-79450
-79433
-78898
-78838
-78348
-77938
-77723
-77645
-76928
-76878
-76869
-76707
-76608
-76546
-76346
-76200
-75987
-75970
-75868
-75582
-75458
-75314
-74735
-74697
-74215
-73637
-73611
-73186
-73100
-72943
-72897
-72573
-72391
-71994
-71745
-71703
-71665
-71583
-71331
-71082
-70844
-70827
-70728
-70526
-70474
-70205
-69244
-69232
-67784
-67704
-67515
-67432
-67249
-67179
-67057
-67034
-66636
-66612
-66418
-65851
-65782
-65470
-65164
-64985
-64824
-64629
-64489
-64339
-64176
-63691
-62917
-62577
-61998
-61965
-61873
-61803
-61575
-61387
-61373
-61278
-61253
-60933
-60822
-60702
-60512
-60167
-59732
-59628
-59462
-58879
-58860
-58310
-58209
-57852
-57786
-57008
-56987
-56897
-56894
-56811
-56430
-56365
-56161
-55283
-55022
-54442
-54097
-53975
-53937
-53824
-53740
-53557
-53248
-52617
-52386
-52249
-52235
-51882
-51461
-51292
-50663
-50657
-50558
-50550
-50435
-50409
-50164
-49996
-49975
-49658
-49642
-49467
-49389
-49261
-49166
-49033
-48809
-48505
-48425
-48361
-48135
-48045
-47528
-47522
-46840
-46505
-46462
-46326
-46203
-46197
-45983
-45924
-45843
-45778
-45717
-45700
-45641
-44658
-44614
-44510
-44299
-44130
-43964
-43739
-43624
-43597
-43298
-43255
-43086
-42890
-42504
-42340
-41983
-41784
-41704
-41332
-41007
-40690
-40100
-40093
-39915
-39552
-39519
-39481
-39470
-39127
-39106
-38884
-38289
-38058
-37121
-37104
-36877
-36480
-36212
-35841
-35759
-35301
-35087
-34954
-34707
-34685
-34553
-33868
-33757
-33663
-33500
-33347
-33055
-33008
-32648
-32562
-32544
-32445
-32282
-32062
-31675
-31455
-31433
-31268
-31136
-31108
-31025
-30958
-30866
-30699
-30680
-30669
-30333
-29866
-29858
-29735
-29694
-29694
-29518
-29396
-29392
-29000
-28144
-28081
-27476
-27461
-27404
-27314
-27065
-27027
-26700
-26157
-25231
-25037
-24956
-24790
-24640
-24419
-23974
-23853
-23648
-23563
-23478
-23130
-22831
-22763
-22586
-22529
-22468
-22228
-22140
-21925
-21644
-21561
-21523
-20650
-20542
-20361
-19810
-19755
-19574
-19231
-19210
-18740
-18669
-18596
-18294
-17778
-17575
-17520
-17457
-17433
-17312
-16853
-16780
-16491
-16276
-16261
-16221
-16115
-16101
-15929
-15670
-15580
-15346
-15197
-15024
-14949
-14907
-14733
-14567
-14497
-14454
-14441
-13614
-13391
-13310
-13232
-13096
-12868
-12830
-12636
-12597
-12536
-12381
-12334
-12187
-11778
-11700
-10776
-10570
-10554
-10381
-10258
-10225
-10086
-9950
-9710
-9540
-9330
-9096
-9064
-8944
-8817
-8380
-8287
-8091
-7840
-7695
-7666
-7650
-7618
-7596
-7395
-6801
-6485
-5986
-5886
-5875
-5774
-4862
-4702
-4594
-4052
-3405
-3220
-3018
-2897
-2563
-2469
-2450
-2412
-2316
-2306
-2138
-2102
-1717
-1288
-1168
-1048
-763
-657
-605
-291
-231
405
497
756
822
1572
1661
1897
1927
2038
2075
2551
2914
2945
3137
3225
3514
3514
3762
3860
3933
4140
4327
4639
4707
5205
5261
5268
5360
5572
5586
5732
5738
5885
5891
6111
6173
6366
6622
6855
6989
7358
7539
7716
7782
8076
8156
8312
8452
8456
8659
8722
8896
9052
9263
10241
11233
11237
11911
12074
12083
12298
12624
12660
12721
12765
12906
13414
13498
13674
13786
13951
13958
14022
14260
14346
14619
14664
14695
14796
14931
15181
15263
15427
15460
15753
15773
15788
16039
16240
16640
17008
17149
17267
17491
17590
17804
17859
17939
18045
18061
18089
18386
18393
18606
18721
18872
19728
19948
20376
21039
21092
21185
21457
21588
21680
22086
22515
22585
22755
22913
23278
23459
23460
23531
23545
23678
23726
23833
23935
23973
24419
24490
24706
25415
25545
25728
25930
26030
26101
26279
26499
26732
26733
26912
26979
27263
27607
27772
27802
28294
28368
28483
28501
28821
29072
29505
29568
30370
30421
30579
30626
30858
30913
31060
31172
31321
31353
31599
31845
32283
32402
32998
33346
33367
33518
33693
33787
33797
33860
33936
34723
34788
35078
35724
35772
35787
36056
36380
36527
36582
36747
36881
36910
36925
37475
37562
37976
38306
38454
39244
40058
40287
40404
40452
40544
40689
40776
40811
40898
40920
41129
41151
41158
41232
41250
41404
41535
41866
41961
42030
42186
42296
42302
42552
42645
42662
42835
42900
43062
43646
43682
43890
44130
44496
44652
45035
45340
45459
45667
45744
45753
45798
46160
46208
46345
46350
46428
46478
46900
47437
47438
47587
47987
48416
48471
48643
48959
49121
49253
49265
49904
49922
51207
51293
51438
51601
51746
52221
52317
53823
53896
54570
54763
54909
55025
55121
55260
55287
55393
55435
55851
56018
56085
56087
56223
56620
56878
57050
57340
57360
57385
57821
58096
58583
58671
58821
58874
59005
59040
59195
59434
59446
59868
60561
60972
61166
61265
61619
61747
61863
62071
62265
62291
62391
63029
63045
63410
63597
63994
64325
64375
64543
64713
64913
65234
65369
65446
65482
65789
66475
66530
66649
66814
66999
67070
67525
67574
67707
67917
68091
68510
68959
69191
69208
69236
69412
69454
69576
69787
69849
70441
70474
70611
71025
71026
71852
71952
72151
72265
72408
72503
72778
73097
73543
73630
73797
73844
74060
74253
74289
74544
74790
74856
74906
75208
75262
75267
75381
75888
76091
76148
76234
76930
77075
77759
77761
77802
77833
78388
78519
78756
78886
79080
79329
79341
79475
79503
79542
79557
79602
79866
80021
80144
80427
80464
80634
80634
80705
80820
80842
80934
80983
81206
81237
81413
81417
81479
81577
81579
81734
82064
82436
82464
82882
82904
83409
83922
83929
84151
84176
84315
84830
85119
85328
85350
85655
86616
86653
86785
87684
88289
88459
88615
88860
88988
89064
89134
89331
89410
90034
90064
90097
90146
90253
90563
91350
91351
91464
91530
91647
92524
92601
92754
92845
93481
93575
93618
93906
93956
94006
94048
94198
94333
94504
94818
94899
94936
95215
95231
95251
95563
96011
96023
96387
96421
96580
96683
97020
97245
97446
97652
98063
98568
98627
98697
99630