-99935
-99801
-99545
-99274
-99254
-99104
-98768
-98592
-98531
-98370
-98125
-98041
-97899
-97832
-97794
-97778
-97696
-97175
-96728
-96373
-96132
-95966
-95916
-95867
-95816
-95765
-95514
-95511
-95449
-95418
-95196
-95178
-95074
-95035
-94947
-94714
-94687
-94603
-94462
-94267
-94164
-94066
-93978
-93935
-93385
-93287
-93106
-93062
-93003
-92989
-92981
-92848
-92760
-92595
-92589
-92452
-92347
-92213
-92083
-92068
-92037
-91934
-91910
-91889
-91697
-91507
-91446
-91375
-91345
-91298
-91285
-91168
-91159
-91154
-91082
-90966
-90919
-90815
-90719
-90678
-90634
-90508
-90507
-90503
-90422
-90421
-90175
-89974
-89963
-89896
-89716
-89578
-89267
-88961
-88944
-88918
-88903
-88891
-88840
-88799
-88795
-88789
-88751
-88747
-88676
-88618
-88479
-88315
-88272
-87951
-87845
-87805
-87771
-87687
-87380
-87225
-87212
-87175
-87094
-86683
-86590
-86543
-86437
-86383
-86257
-86153
-86032
-85939
-85853
-85821
-85787
-85786
-85397
-85075
-85009
-84855
-84682
-84623
-84577
-84532
-84336
-84231
-84228
-84105
-84000
-83609
-83597
-83408
-83306
-83284
-83265
-83153
-83093
-82898
-82754
-82670
-82636
-82569
-82422
-81982
-81870
-81822
-81613
-81578
-81552
-81506
-81466
-81438
-81002
-80737
-80375
-80216
-80201
-80193
-80113
-80103
-79964
-79871
-79692
-79681
-79514
-78817
-78680
-78567
-78414
-78156
-77995
-77909
-77454
-77449
-77358
-77182
-76687
-76668
-76479
-76466
-76369
-76150
-76136
-76112
-76052
-75928
-75718
-75652
-75643
-75535
-75324
-75305
-75280
-75241
-74959
-74822
-74731
-74545
-74493
-74374
-74291
-74278
-74256
-74203
-74182
-74008
-73992
-73959
-73777
-73528
-73273
-73230
-73224
-73222
-73216
-73075
-72980
-72966
-72926
-72692
-72647
-72513
-72502
-72349
-72285
-72192
-72165
-72027
-71948
-71822
-71782
-71516
-71365
-71316
-71283
-71229
-71202
-71008
-70871
-70750
-70644
-70455
-70390
-70361
-70289
-70279
-69896
-69844
-69720
-69717
-69638
-69414
-69385
-69359
-69249
-69113
-69026
-68907
-68821
-68769
-68588
-68572
-68549
-68462
-68418
-68415
-68365
-68173
-68018
-67901
-67712
-67526
-67478
-67278
-67273
-67238
-67236
-66868
-66741
-66699
-66698
-66687
-66621
-66448
-66227
-66163
-66012
-65600
-65508
-65415
-65390
-65291
-65116
-65014
-64699
-64690
-64633
-64465
-64398
-64290
-64285
-64144
-63945
-63938
-63866
-63826
-63563
-63302
-63285
-63081
-62947
-62936
-62902
-62661
-62571
-62570
-62544
-62540
-62268
-62015
-61912
-61880
-61832
-61494
-61409
-61201
-61185
-61103
-61004
-60913
-60761
-60639
-60530
-60497
-60404
-60361
-60301
-60294
-59992
-59966
-59792
-59653
-59564
-59450
-59257
-59218
-59093
-58966
-58873
-58829
-58667
-58659
-58620
-58568
-58508
-58425
-58353
-58187
-58184
-58139
-57969
-57946
-57933
-57747
-57669
-57661
-57650
-57614
-57459
-57387
-56864
-56535
-56509
-56290
-56044
-56038
-55802
-55778
-55777
-55668
-55585
-55571
-55425
-55188
-55166
-54766
-54683
-54575
-54496
-54349
-54346
-54270
-54069
-53883
-53875
-53616
-53544
-53520
-53507
-53432
-53414
-53195
-52957
-52903
-52811
-52737
-52723
-52559
-52541
-52404
-52214
-52169
-51988
-51913
-51862
-51859
-51772
-51637
-51569
-51531
-51530
-51356
-51263
-51185
-51129
-50957
-50808
-50776
-50691
-50655
-50416
-50404
-49820
-49805
-49547
-49510
-49241
-49199
-48984
-48971
-48831
-48816
-48620
-48480
-48447
-48422
-48391
-48236
-48055
-47949
-47910
-47855
-47773
-47664
-47621
-47582
-47490
-47484
-47366
-47190
-47182
-47133
-47112
-47103
-47097
-47093
-47067
-47065
-47039
-47001
-46999
-46972
-46956
-46883
-46760
-46609
-46426
-46353
-46349
-46243
-45697
-45358
-45251
-45178
-45069
-44991
-44874
-44828
-44822
-44685
-44640
-44409
-44356
-44293
-44206
-44087
-44082
-43874
-43809
-43748
-43649
-43544
-43459
-43414
-43217
-43210
-43185
-43068
-43047
-43035
-43022
-42796
-42658
-42520
-42517
-42449
-42371
-42366
-42298
-42086
-42068
-42046
-41782
-41592
-41590
-41541
-41528
-41340
-41230
-41193
-41147
-41084
-41067
-40886
-40697
-40635
-40616
-40542
-40405
-40395
-40372
-40098
-40066
-39991
-39942
-39827
-39729
-39709
-39685
-39682
-39410
-39360
-39323
-39221
-38978
-38897
-38865
-38615
-38563
-38381
-38357
-38212
-38199
-38103
-38062
-38007
-37669
-37304
-37231
-37145
-37132
-37102
-37079
-36955
-36754
-36703
-36651
-36596
-36534
-36171
-36168
-36152
-36116
-36086
-36012
-35698
-35689
-35507
-35337
-35220
-35161
-35100
-35041
-35008
-34890
-34889
-34718
-34546
-34244
-34224
-34199
-34067
-34029
-34027
-34019
-33998
-33986
-33742
-33695
-33591
-33540
-33514
-33491
-33358
-33338
-33306
-33179
-33144
-32971
-32888
-32637
-32377
-32177
-32177
-31855
-31532
-31245
-30776
-30716
-30712
-30709
-30679
-30550
-30284
-30055
-30016
-29941
-29878
-29864
-29803
-29608
-29607
-29548
-29529
-29505
-29384
-29298
-29123
-28895
-28717
-28673
-28405
-28370
-28125
-27934
-27888
-27815
-27804
-27597
-27558
-27511
-27506
-27449
-27371
-27291
-27256
-27188
-27171
-27085
-27025
-26967
-26879
-26697
-26617
-26545
-26515
-26503
-26467
-26378
-25966
-25799
-25758
-25727
-25611
-25399
-25378
-25225
-24990
-24961
-24493
-24457
-24437
-24432
-24421
-24294
-24251
-24247
-24167
-23966
-23904
-23822
-23574
-23525
-23446
-23372
-22961
-22924
-22827
-22817
-22627
-22449
-22449
-22367
-22253
-22240
-21927
-21890
-21855
-21735
-21660
-21589
-21243
-21119
-21088
-21077
-21038
-20881
-20867
-20862
-20809
-20737
-20732
-20724
-20710
-20653
-20646
-20639
-20637
-20318
-20229
-19908
-19656
-19645
-19587
-19490
-19217
-19139
-19080
-19022
-18987
-18896
-18854
-18802
-18714
-18608
-18311
-18219
-18064
-17931
-17920
-17889
-17856
-17630
-17580
-17569
-17411
-17407
-17376
-17333
-17328
-17294
-17245
-17239
-17173
-16919
-16902
-16775
-16718
-16641
-16424
-16245
-16206
-16142
-15925
-15915
-15810
-15630
-15206
-14983
-14979
-14927
-14922
-14855
-14817
-14777
-14611
-14608
-14511
-14426
-14390
-14260
-14226
-14206
-14130
-14004
-13972
-13851
-13686
-13664
-13590
-13530
-13394
-13076
-12848
-12797
-12763
-12729
-12652
-12599
-12407
-12319
-12036
-12005
-11956
-11923
-11843
-11805
-11681
-11570
-11541
-11207
-11116
-10871
-10730
-10661
-10524
-10380
-10304
-10229
-9978
-9948
-9750
-9736
-9614
-9559
-9495
-9064
-8931
-8915
-8900
-8864
-8809
-8633
-8615
-8313
-8276
-8274
-8247
-7766
-7717
-7528
-7304
-7203
-6996
-6788
-6704
-6561
-6538
-6487
-6476
-6253
-6251
-6042
-6007
-5976
-5901
-5706
-5635
-5553
-5545
-5473
-5406
-5327
-5101
-4976
-4970
-4917
-4796
-4794
-4675
-4671
-4589
-4499
-4400
-4337
-4254
-4004
-3669
-3653
-3613
-3574
-3257
-3095
-3058
-3002
-2941
-2937
-2775
-2730
-2616
-2606
-2558
-2419
-2416
-2111
-1976
-1919
-1913
-1837
-1528
-1528
-1516
-1380
-1325
-1313
-1179
-1108
-815
-800
-621
-514
-482
-401
-316
-140
-11
38
75
80
288
313
610
677
710
873
930
955
992
1012
1013
1180
1190
1261
1357
1401
1444
1532
1674
1750
1811
1879
2561
2572
2741
2757
2811
2821
2822
2851
3005
3048
3182
3380
3599
3616
3665
3737
3773
3932
4039
4093
4150
4238
4358
4388
4589
4864
4987
5011
5197
5201
5217
5223
5428
5455
5740
5837
6062
6582
6586
6934
7045
7100
7178
7391
7470
7530
7654
7745
8081
8214
8278
8532
8786
8817
8841
8855
8929
9088
9254
9308
9366
9370
9379
9402
9581
9620
9769
9873
10027
10038
10070
10206
10377
10397
10612
10629
10649
10817
10840
10943
11067
11432
11455
11455
11508
11565
11818
11845
11898
11900
12072
12445
12489
12611
12714
12810
12827
12928
12947
12978
13045
13050
13145
13295
13307
13370
13422
13425
13442
13459
13464
13622
13704
13740
14001
14044
14081
14104
14216
14294
14346
14454
14685
14710
14724
15066
15384
15555
15689
15834
15964
16061
16107
16232
16400
16405
16582
16641
16858
16976
17218
17268
17499
17534
17564
17599
17704
17753
17755
17795
17801
17997
18380
18416
18466
18774
18824
18984
18989
19050
19099
19105
19117
19289
19402
19456
19467
19475
19513
19721
19797
19965
19968
20426
20501
20613
20703
20758
20782
20788
20938
20985
21083
21111
21170
21249
21250
21283
21384
21678
21693
21708
21727
21746
21752
21945
21965
21966
21985
22002
22084
22186
22229
22279
22455
22510
22590
22667
22681
22969
23044
23114
23229
23518
23711
23795
23833
23837
23849
23882
23892
23930
23959
23992
24002
24173
24184
24190
24196
24247
24411
24414
24546
24646
24812
24952
25088
25089
25501
25679
25819
25873
25913
25973
26026
26090
26164
26278
26338
26561
26820
26839
26871
27025
27069
27119
27279
27316
27366
27579
27613
27664
27721
27744
27815
28026
28131
28194
28245
28370
28573
28631
28689
28842
28863
28884
28938
28954
28997
29415
29703
29934
29953
30088
30094
30112
30190
30210
30316
30440
30554
30676
30770
30838
30879
30961
31278
31454
31502
31549
31638
31703
31717
31772
32020
32047
32172
32178
32294
32318
32418
32605
32646
33000
33039
33136
33165
33373
33510
33691
33749
33760
33791
33835
33866
34034
34064
34653
34831
34836
34868
34973
35036
35058
35141
35255
35271
35329
35346
35366
35488
35593
35632
35657
35680
35726
35770
35858
35962
35974
36155
36217
36663
36881
36918
36927
37185
37278
37386
37405
37646
37723
37765
37815
38209
38298
38501
38598
38697
38866
38922
39084
39102
39134
39253
39547
39581
39587
39715
39757
39836
40195
40203
40306
40405
40410
40490
40514
40612
40632
40752
40774
40832
40900
41041
41062
41107
41436
41486
41539
41734
42021
42100
42223
42234
42516
42549
42616
42682
42723
42727
42731
42801
42856
43000
43191
43278
43472
43751
43850
43861
43882
43888
44089
44640
44690
44765
44901
45074
45139
45243
45432
45463
45473
45680
45760
45813
45827
46011
46021
46100
46141
46201
46280
46457
46461
46502
46816
46855
46934
47007
47218
47255
47274
47295
47441
47639
47716
47797
47815
48044
48070
48167
48222
48241
48271
48286
48342
48459
48498
48502
48567
48638
48853
48882
49000
49078
49254
49298
49611
49695
49727
49743
50058
50094
50237
50256
50264
50336
50372
50485
50628
50793
51042
51207
51241
51255
51286
51332
51407
51503
51536
51643
51784
51948
52083
52153
52169
52236
52289
52400
52411
52484
52526
52572
52579
52643
52655
52712
52718
52903
53010
53021
53180
53240
53367
53411
53471
53744
53794
53850
53938
53966
53984
54024
54120
54138
54202
54229
54336
54340
54456
54460
54805
54988
55136
55151
55241
55268
55463
55607
55654
55681
55752
55939
56031
56051
56065
56254
56347
56352
56393
56399
56621
56647
56662
56702
56782
56858
56879
56915
56975
57137
57186
57280
57341
57411
57440
57567
57780
57842
57875
58153
58167
58234
58385
58445
58584
58668
58919
58998
59195
59255
59289
59344
59524
59538
59702
59718
59801
59880
59995
60074
60094
60101
60119
60332
60476
60625
60682
61125
61396
61401
61512
61537
61565
61607
61614
61653
61774
61833
61905
61911
62416
62435
62465
62597
62661
62762
62898
62958
63019
63032
63077
63109
63189
63217
63280
63355
63366
63373
63522
63734
63841
64021
64185
64353
64363
64370
64538
64554
64580
64683
64702
64918
64949
65022
65147
65168
65184
65347
65395
65442
65793
65907
65935
65954
66069
66542
66606
66704
66768
66954
67029
67125
67132
67221
67446
67542
67548
67952
68047
68111
68162
68238
68349
68494
68502
68540
68556
68672
68732
68773
68977
69002
69013
69057
69063
69142
69154
69162
69208
69478
69499
69653
69707
69714
69722
69847
69970
70414
70430
70586
70609
70645
70766
70910
71118
71358
71402
71464
71522
71649
71811
71934
72005
72169
72256
72332
72376
72447
72453
72746
72775
72871
72969
73148
73247
73296
73407
73417
73491
73800
73834
74021
74079
74531
74570
74676
74684
74727
74780
74854
74897
75243
75367
75394
75398
75442
75584
75665
75761
75888
76073
76114
76242
76258
76285
76288
76465
76605
76632
76833
77008
77062
77193
77274
77329
77380
77385
77561
77561
77595
77670
77789
78318
78438
78448
78631
78668
78749
78776
78810
78867
78926
78961
79066
79069
79136
79216
79321
79324
79331
79400
79418
79424
79535
79673
79687
79744
79774
79873
79987
80082
80108
80282
80336
80340
80463
80464
80485
80542
80662
80705
81480
81509
81647
81658
81727
81745
82029
82035
82039
82055
82302
82355
82384
82448
82758
83000
83005
83010
83025
83053
83119
83222
83224
83225
83228
83228
83515
83535
83629
83740
83817
84133
84430
84476
84502
84508
84655
84709
84728
85041
85095
85180
85201
85384
85471
85607
85688
85708
85900
85924
86037
86130
86262
86334
86391
86434
86500
86515
86557
86622
86712
86741
86779
86784
86837
86907
86949
87030
87162
87263
87412
87655
87666
87815
87951
87986
88099
88128
88162
88236
88258
88337
88392
88597
88740
88801
88863
89149
89149
89215
89217
89226
89346
89348
89557
89575
89723
89892
89972
90084
90454
90644
90796
90802
90871
90887
90931
91094
91114
91233
91293
91416
91557
91592
91618
91805
91832
91846
91846
91847
91990
92148
92229
92330
92441
92548
92616
92765
92796
93158
93216
93328
93742
93865
93966
94004
94018
94097
94282
94703
94806
94835
94950
95239
95367
95408
95443
95481
95518
95539
95557
95588
95689
95906
95957
96248
96301
96340
96348
96370
96421
96448
96553
96562
96658
96686
96719
96906
96969
97098
97149
97180
97222
97295
97316
97371
97459
97587
97611
97687
97687
97952
97986
98184
98188
98219
98380
98495
98721
98742
98849
99186
99341
99536
99597
99782
99805
99938
99952