-99528
-99160
-99087
-98990
-98264
-97925
-97659
-97431
-97267
-97167
-96104
-95660
-94803
-93511
-93361
-93091
-91435
-91357
-91305
-91186
-90371
-89730
-89632
-89584
-88769
-88556
-88502
-88264
-88202
-87949
-87669
-87543
-87113
-86853
-86729
-86242
-86233
-85203
-85149
-85006
-84245
-83992
-83947
-83242
-82972
-82863
-82288
-82229
-81848
-81774
-81492
-81248
-80989
-80928
-80525
-80345
-80230
-79582
-79066
-79028
-78803
-78789
-78578
-78201
-78126
-77666
-77425
-76732
-76314
-75889
-75862
-75789
-75584
-75366
-74098
-73864
-73796
-73032
-72612
-72582
-71717
-70698
-70479
-70300
-70109
-69802
-69714
-69291
-69241
-69050
-68731
-68498
-67505
-66092
-64858
-64192
-63904
-63650
-63011
-62691
-62487
-62056
-61974
-61960
-61328
-60931
-59292
-58573
-58297
-57461
-57002
-56429
-56258
-55790
-54430
-54425
-54372
-53774
-53161
-53022
-52400
-52268
-50999
-50602
-50381
-50053
-49597
-49018
-48714
-48571
-47883
-46969
-46189
-45755
-45705
-45475
-44904
-43943
-42874
-42348
-42244
-41990
-41940
-41124
-40955
-40698
-40462
-40420
-40040
-39719
-39402
-38544
-38522
-38519
-38141
-37450
-37111
-36732
-36241
-36186
-35398
-35393
-34462
-33253
-32942
-32451
-32032
-30920
-30723
-30657
-30617
-30179
-29392
-28840
-28422
-28407
-28026
-27509
-27112
-26905
-26827
-26263
-24622
-23989
-23757
-23413
-23408
-23328
-22909
-22591
-22181
-22127
-22005
-21964
-21806
-21356
-20430
-20371
-20277
-20233
-20057
-18708
-18357
-18298
-18042
-17513
-16911
-16884
-16035
-14179
-13878
-13772
-13662
-13619
-13084
-11926
-11275
-10959
-10688
-9413
-7719
-7537
-7493
-6720
-6556
-6200
-6084
-6050
-5974
-5205
-5109
-5001
-4614
-4318
-3169
-2006
-1357
-868
979
1086
1125
1129
1813
2009
2262
2457
2600
3340
3412
3466
3538
3786
4042
4969
5028
5118
5159
5547
5818
5894
6100
6131
6421
6771
7105
7647
7957
8146
8212
8312
8362
8766
8950
9570
10560
10857
11306
12452
12478
12603
12708
13190
13885
14615
14844
15032
15103
16191
16239
17081
18036
18108
18322
18716
18847
19128
19140
19159
19369
19443
20102
20134
20399
20634
21924
22089
22104
22148
22308
22707
22809
23507
23527
23876
25182
26547
27447
28855
29167
29329
29861
30513
30728
31224
32266
32309
32489
32934
33251
33882
34352
34447
34747
34927
35146
35230
36491
37397
37485
37597
38097
38498
39780
40130
40791
40841
40967
41972
42508
42767
43009
45026
45103
45233
45557
45677
46387
47789
48283
48514
48973
49588
50237
50587
50648
51178
51279
51417
51834
52344
52410
53192
53679
54019
54633
54793
55066
55266
55901
56701
56765
57308
57528
57645
58154
59256
59925
60672
61324
61511
62297
62507
64218
64650
64672
65006
65615
65957
66013
66141
66220
67448
68374
68478
68531
68793
69543
69730
71076
71306
72236
72296
72392
72429
72518
72776
73036
73216
73267
73431
73599
73606
73740
74213
74842
74900
75118
76955
77292
77533
77768
79035
79689
79833
80366
80755
80833
80863
80873
81402
81618
81873
81958
82024
82327
82427
83029
83082
83121
84222
84299
84830
84868
85139
85403
85626
85862
86122
86766
87442
87531
87739
87784
87985
88043
89217
89916
89944
90079
90183
90286
90337
90527
91086
91542
91870
92347
92850
92973
93168
93761
93798
93867
94185
94548
94725
94737
94779
95822
96143
96461
96960
97157
97220
97393
97916
97924
99224
99574
99893