99952
99938
99805
99782
99597
99536
99341
99186
98849
98742
98721
98495
98380
98219
98188
98184
97986
97952
97687
97687
97611
97587
97459
97371
97316
97295
97222
97180
97149
97098
96969
96906
96719
96686
96658
96562
96553
96448
96421
96370
96348
96340
96301
96248
95957
95906
95689
95588
95557
95539
95518
95481
95443
95408
95367
95239
94950
94835
94806
94703
94282
94097
94018
94004
93966
93865
93742
93328
93216
93158
92796
92765
92616
92548
92441
92330
92229
92148
91990
91847
91846
91846
91832
91805
91618
91592
91557
91416
91293
91233
91114
91094
90931
90887
90871
90802
90796
90644
90454
90084
89972
89892
89723
89575
89557
89348
89346
89226
89217
89215
89149
89149
88863
88801
88740
88597
88392
88337
88258
88236
88162
88128
88099
87986
87951
87815
87666
87655
87412
87263
87162
87030
86949
86907
86837
86784
86779
86741
86712
86622
86557
86515
86500
86434
86391
86334
86262
86130
86037
85924
85900
85708
85688
85607
85471
85384
85201
85180
85095
85041
84728
84709
84655
84508
84502
84476
84430
84133
83817
83740
83629
83535
83515
83228
83228
83225
83224
83222
83119
83053
83025
83010
83005
83000
82758
82448
82384
82355
82302
82055
82039
82035
82029
81745
81727
81658
81647
81509
81480
80705
80662
80542
80485
80464
80463
80340
80336
80282
80108
80082
79987
79873
79774
79744
79687
79673
79535
79424
79418
79400
79331
79324
79321
79216
79136
79069
79066
78961
78926
78867
78810
78776
78749
78668
78631
78448
78438
78318
77789
77670
77595
77561
77561
77385
77380
77329
77274
77193
77062
77008
76833
76632
76605
76465
76288
76285
76258
76242
76114
76073
75888
75761
75665
75584
75442
75398
75394
75367
75243
74897
74854
74780
74727
74684
74676
74570
74531
74079
74021
73834
73800
73491
73417
73407
73296
73247
73148
72969
72871
72775
72746
72453
72447
72376
72332
72256
72169
72005
71934
71811
71649
71522
71464
71402
71358
71118
70910
70766
70645
70609
70586
70430
70414
69970
69847
69722
69714
69707
69653
69499
69478
69208
69162
69154
69142
69063
69057
69013
69002
68977
68773
68732
68672
68556
68540
68502
68494
68349
68238
68162
68111
68047
67952
67548
67542
67446
67221
67132
67125
67029
66954
66768
66704
66606
66542
66069
65954
65935
65907
65793
65442
65395
65347
65184
65168
65147
65022
64949
64918
64702
64683
64580
64554
64538
64370
64363
64353
64185
64021
63841
63734
63522
63373
63366
63355
63280
63217
63189
63109
63077
63032
63019
62958
62898
62762
62661
62597
62465
62435
62416
61911
61905
61833
61774
61653
61614
61607
61565
61537
61512
61401
61396
61125
60682
60625
60476
60332
60119
60101
60094
60074
59995
59880
59801
59718
59702
59538
59524
59344
59289
59255
59195
58998
58919
58668
58584
58445
58385
58234
58167
58153
57875
57842
57780
57567
57440
57411
57341
57280
57186
57137
56975
56915
56879
56858
56782
56702
56662
56647
56621
56399
56393
56352
56347
56254
56065
56051
56031
55939
55752
55681
55654
55607
55463
55268
55241
55151
55136
54988
54805
54460
54456
54340
54336
54229
54202
54138
54120
54024
53984
53966
53938
53850
53794
53744
53471
53411
53367
53240
53180
53021
53010
52903
52718
52712
52655
52643
52579
52572
52526
52484
52411
52400
52289
52236
52169
52153
52083
51948
51784
51643
51536
51503
51407
51332
51286
51255
51241
51207
51042
50793
50628
50485
50372
50336
50264
50256
50237
50094
50058
49743
49727
49695
49611
49298
49254
49078
49000
48882
48853
48638
48567
48502
48498
48459
48342
48286
48271
48241
48222
48167
48070
48044
47815
47797
47716
47639
47441
47295
47274
47255
47218
47007
46934
46855
46816
46502
46461
46457
46280
46201
46141
46100
46021
46011
45827
45813
45760
45680
45473
45463
45432
45243
45139
45074
44901
44765
44690
44640
44089
43888
43882
43861
43850
43751
43472
43278
43191
43000
42856
42801
42731
42727
42723
42682
42616
42549
42516
42234
42223
42100
42021
41734
41539
41486
41436
41107
41062
41041
40900
40832
40774
40752
40632
40612
40514
40490
40410
40405
40306
40203
40195
39836
39757
39715
39587
39581
39547
39253
39134
39102
39084
38922
38866
38697
38598
38501
38298
38209
37815
37765
37723
37646
37405
37386
37278
37185
36927
36918
36881
36663
36217
36155
35974
35962
35858
35770
35726
35680
35657
35632
35593
35488
35366
35346
35329
35271
35255
35141
35058
35036
34973
34868
34836
34831
34653
34064
34034
33866
33835
33791
33760
33749
33691
33510
33373
33165
33136
33039
33000
32646
32605
32418
32318
32294
32178
32172
32047
32020
31772
31717
31703
31638
31549
31502
31454
31278
30961
30879
30838
30770
30676
30554
30440
30316
30210
30190
30112
30094
30088
29953
29934
29703
29415
28997
28954
28938
28884
28863
28842
28689
28631
28573
28370
28245
28194
28131
28026
27815
27744
27721
27664
27613
27579
27366
27316
27279
27119
27069
27025
26871
26839
26820
26561
26338
26278
26164
26090
26026
25973
25913
25873
25819
25679
25501
25089
25088
24952
24812
24646
24546
24414
24411
24247
24196
24190
24184
24173
24002
23992
23959
23930
23892
23882
23849
23837
23833
23795
23711
23518
23229
23114
23044
22969
22681
22667
22590
22510
22455
22279
22229
22186
22084
22002
21985
21966
21965
21945
21752
21746
21727
21708
21693
21678
21384
21283
21250
21249
21170
21111
21083
20985
20938
20788
20782
20758
20703
20613
20501
20426
19968
19965
19797
19721
19513
19475
19467
19456
19402
19289
19117
19105
19099
19050
18989
18984
18824
18774
18466
18416
18380
17997
17801
17795
17755
17753
17704
17599
17564
17534
17499
17268
17218
16976
16858
16641
16582
16405
16400
16232
16107
16061
15964
15834
15689
15555
15384
15066
14724
14710
14685
14454
14346
14294
14216
14104
14081
14044
14001
13740
13704
13622
13464
13459
13442
13425
13422
13370
13307
13295
13145
13050
13045
12978
12947
12928
12827
12810
12714
12611
12489
12445
12072
11900
11898
11845
11818
11565
11508
11455
11455
11432
11067
10943
10840
10817
10649
10629
10612
10397
10377
10206
10070
10038
10027
9873
9769
9620
9581
9402
9379
9370
9366
9308
9254
9088
8929
8855
8841
8817
8786
8532
8278
8214
8081
7745
7654
7530
7470
7391
7178
7100
7045
6934
6586
6582
6062
5837
5740
5455
5428
5223
5217
5201
5197
5011
4987
4864
4589
4388
4358
4238
4150
4093
4039
3932
3773
3737
3665
3616
3599
3380
3182
3048
3005
2851
2822
2821
2811
2757
2741
2572
2561
1879
1811
1750
1674
1532
1444
1401
1357
1261
1190
1180
1013
1012
992
955
930
873
710
677
610
313
288
80
75
38
-11
-140
-316
-401
-482
-514
-621
-800
-815
-1108
-1179
-1313
-1325
-1380
-1516
-1528
-1528
-1837
-1913
-1919
-1976
-2111
-2416
-2419
-2558
-2606
-2616
-2730
-2775
-2937
-2941
-3002
-3058
-3095
-3257
-3574
-3613
-3653
-3669
-4004
-4254
-4337
-4400
-4499
-4589
-4671
-4675
-4794
-4796
-4917
-4970
-4976
-5101
-5327
-5406
-5473
-5545
-5553
-5635
-5706
-5901
-5976
-6007
-6042
-6251
-6253
-6476
-6487
-6538
-6561
-6704
-6788
-6996
-7203
-7304
-7528
-7717
-7766
-8247
-8274
-8276
-8313
-8615
-8633
-8809
-8864
-8900
-8915
-8931
-9064
-9495
-9559
-9614
-9736
-9750
-9948
-9978
-10229
-10304
-10380
-10524
-10661
-10730
-10871
-11116
-11207
-11541
-11570
-11681
-11805
-11843
-11923
-11956
-12005
-12036
-12319
-12407
-12599
-12652
-12729
-12763
-12797
-12848
-13076
-13394
-13530
-13590
-13664
-13686
-13851
-13972
-14004
-14130
-14206
-14226
-14260
-14390
-14426
-14511
-14608
-14611
-14777
-14817
-14855
-14922
-14927
-14979
-14983
-15206
-15630
-15810
-15915
-15925
-16142
-16206
-16245
-16424
-16641
-16718
-16775
-16902
-16919
-17173
-17239
-17245
-17294
-17328
-17333
-17376
-17407
-17411
-17569
-17580
-17630
-17856
-17889
-17920
-17931
-18064
-18219
-18311
-18608
-18714
-18802
-18854
-18896
-18987
-19022
-19080
-19139
-19217
-19490
-19587
-19645
-19656
-19908
-20229
-20318
-20637
-20639
-20646
-20653
-20710
-20724
-20732
-20737
-20809
-20862
-20867
-20881
-21038
-21077
-21088
-21119
-21243
-21589
-21660
-21735
-21855
-21890
-21927
-22240
-22253
-22367
-22449
-22449
-22627
-22817
-22827
-22924
-22961
-23372
-23446
-23525
-23574
-23822
-23904
-23966
-24167
-24247
-24251
-24294
-24421
-24432
-24437
-24457
-24493
-24961
-24990
-25225
-25378
-25399
-25611
-25727
-25758
-25799
-25966
-26378
-26467
-26503
-26515
-26545
-26617
-26697
-26879
-26967
-27025
-27085
-27171
-27188
-27256
-27291
-27371
-27449
-27506
-27511
-27558
-27597
-27804
-27815
-27888
-27934
-28125
-28370
-28405
-28673
-28717
-28895
-29123
-29298
-29384
-29505
-29529
-29548
-29607
-29608
-29803
-29864
-29878
-29941
-30016
-30055
-30284
-30550
-30679
-30709
-30712
-30716
-30776
-31245
-31532
-31855
-32177
-32177
-32377
-32637
-32888
-32971
-33144
-33179
-33306
-33338
-33358
-33491
-33514
-33540
-33591
-33695
-33742
-33986
-33998
-34019
-34027
-34029
-34067
-34199
-34224
-34244
-34546
-34718
-34889
-34890
-35008
-35041
-35100
-35161
-35220
-35337
-35507
-35689
-35698
-36012
-36086
-36116
-36152
-36168
-36171
-36534
-36596
-36651
-36703
-36754
-36955
-37079
-37102
-37132
-37145
-37231
-37304
-37669
-38007
-38062
-38103
-38199
-38212
-38357
-38381
-38563
-38615
-38865
-38897
-38978
-39221
-39323
-39360
-39410
-39682
-39685
-39709
-39729
-39827
-39942
-39991
-40066
-40098
-40372
-40395
-40405
-40542
-40616
-40635
-40697
-40886
-41067
-41084
-41147
-41193
-41230
-41340
-41528
-41541
-41590
-41592
-41782
-42046
-42068
-42086
-42298
-42366
-42371
-42449
-42517
-42520
-42658
-42796
-43022
-43035
-43047
-43068
-43185
-43210
-43217
-43414
-43459
-43544
-43649
-43748
-43809
-43874
-44082
-44087
-44206
-44293
-44356
-44409
-44640
-44685
-44822
-44828
-44874
-44991
-45069
-45178
-45251
-45358
-45697
-46243
-46349
-46353
-46426
-46609
-46760
-46883
-46956
-46972
-46999
-47001
-47039
-47065
-47067
-47093
-47097
-47103
-47112
-47133
-47182
-47190
-47366
-47484
-47490
-47582
-47621
-47664
-47773
-47855
-47910
-47949
-48055
-48236
-48391
-48422
-48447
-48480
-48620
-48816
-48831
-48971
-48984
-49199
-49241
-49510
-49547
-49805
-49820
-50404
-50416
-50655
-50691
-50776
-50808
-50957
-51129
-51185
-51263
-51356
-51530
-51531
-51569
-51637
-51772
-51859
-51862
-51913
-51988
-52169
-52214
-52404
-52541
-52559
-52723
-52737
-52811
-52903
-52957
-53195
-53414
-53432
-53507
-53520
-53544
-53616
-53875
-53883
-54069
-54270
-54346
-54349
-54496
-54575
-54683
-54766
-55166
-55188
-55425
-55571
-55585
-55668
-55777
-55778
-55802
-56038
-56044
-56290
-56509
-56535
-56864
-57387
-57459
-57614
-57650
-57661
-57669
-57747
-57933
-57946
-57969
-58139
-58184
-58187
-58353
-58425
-58508
-58568
-58620
-58659
-58667
-58829
-58873
-58966
-59093
-59218
-59257
-59450
-59564
-59653
-59792
-59966
-59992
-60294
-60301
-60361
-60404
-60497
-60530
-60639
-60761
-60913
-61004
-61103
-61185
-61201
-61409
-61494
-61832
-61880
-61912
-62015
-62268
-62540
-62544
-62570
-62571
-62661
-62902
-62936
-62947
-63081
-63285
-63302
-63563
-63826
-63866
-63938
-63945
-64144
-64285
-64290
-64398
-64465
-64633
-64690
-64699
-65014
-65116
-65291
-65390
-65415
-65508
-65600
-66012
-66163
-66227
-66448
-66621
-66687
-66698
-66699
-66741
-66868
-67236
-67238
-67273
-67278
-67478
-67526
-67712
-67901
-68018
-68173
-68365
-68415
-68418
-68462
-68549
-68572
-68588
-68769
-68821
-68907
-69026
-69113
-69249
-69359
-69385
-69414
-69638
-69717
-69720
-69844
-69896
-70279
-70289
-70361
-70390
-70455
-70644
-70750
-70871
-71008
-71202
-71229
-71283
-71316
-71365
-71516
-71782
-71822
-71948
-72027
-72165
-72192
-72285
-72349
-72502
-72513
-72647
-72692
-72926
-72966
-72980
-73075
-73216
-73222
-73224
-73230
-73273
-73528
-73777
-73959
-73992
-74008
-74182
-74203
-74256
-74278
-74291
-74374
-74493
-74545
-74731
-74822
-74959
-75241
-75280
-75305
-75324
-75535
-75643
-75652
-75718
-75928
-76052
-76112
-76136
-76150
-76369
-76466
-76479
-76668
-76687
-77182
-77358
-77449
-77454
-77909
-77995
-78156
-78414
-78567
-78680
-78817
-79514
-79681
-79692
-79871
-79964
-80103
-80113
-80193
-80201
-80216
-80375
-80737
-81002
-81438
-81466
-81506
-81552
-81578
-81613
-81822
-81870
-81982
-82422
-82569
-82636
-82670
-82754
-82898
-83093
-83153
-83265
-83284
-83306
-83408
-83597
-83609
-84000
-84105
-84228
-84231
-84336
-84532
-84577
-84623
-84682
-84855
-85009
-85075
-85397
-85786
-85787
-85821
-85853
-85939
-86032
-86153
-86257
-86383
-86437
-86543
-86590
-86683
-87094
-87175
-87212
-87225
-87380
-87687
-87771
-87805
-87845
-87951
-88272
-88315
-88479
-88618
-88676
-88747
-88751
-88789
-88795
-88799
-88840
-88891
-88903
-88918
-88944
-88961
-89267
-89578
-89716
-89896
-89963
-89974
-90175
-90421
-90422
-90503
-90507
-90508
-90634
-90678
-90719
-90815
-90919
-90966
-91082
-91154
-91159
-91168
-91285
-91298
-91345
-91375
-91446
-91507
-91697
-91889
-91910
-91934
-92037
-92068
-92083
-92213
-92347
-92452
-92589
-92595
-92760
-92848
-92981
-92989
-93003
-93062
-93106
-93287
-93385
-93935
-93978
-94066
-94164
-94267
-94462
-94603
-94687
-94714
-94947
-95035
-95074
-95178
-95196
-95418
-95449
-95511
-95514
-95765
-95816
-95867
-95916
-95966
-96132
-96373
-96728
-97175
-97696
-97778
-97794
-97832
-97899
-98041
-98125
-98370
-98531
-98592
-98768
-99104
-99254
-99274
-99545
-99801
-99935